Bob_1_Run_Weapon2_0 = 0 245 30 64 66 43 164 128
Bob_1_Run_Weapon2_1 = 31 314 28 65 67 44 164 128
Bob_1_Run_Weapon2_10 = 343 189 32 62 64 44 164 128
Bob_1_Run_Weapon2_2 = 115 315 26 64 66 46 164 128
Bob_1_Run_Weapon2_3 = 62 250 29 62 64 46 164 128
Bob_1_Run_Weapon2_4 = 227 0 38 59 63 45 164 128
Bob_1_Run_Weapon2_5 = 201 187 38 61 63 43 164 128
Bob_1_Run_Weapon2_6 = 208 119 38 62 61 44 164 128
Bob_1_Run_Weapon2_7 = 247 65 36 63 59 45 164 128
Bob_1_Run_Weapon2_8 = 240 193 34 62 59 46 164 128
Bob_1_Run_Weapon2_9 = 355 129 33 59 62 45 164 128
Bob_2_Run_Weapon2_0 = 169 316 24 64 71 44 164 128
Bob_2_Run_Weapon2_1 = 283 256 23 64 72 45 164 128
Bob_2_Run_Weapon2_10 = 258 256 24 61 69 45 164 128
Bob_2_Run_Weapon2_2 = 233 256 24 64 72 46 164 128
Bob_2_Run_Weapon2_3 = 243 321 23 61 72 46 164 128
Bob_2_Run_Weapon2_4 = 426 255 22 60 71 45 164 128
Bob_2_Run_Weapon2_5 = 360 318 22 62 70 44 164 128
Bob_2_Run_Weapon2_6 = 357 252 22 65 69 44 164 128
Bob_2_Run_Weapon2_7 = 194 316 24 63 67 46 164 128
Bob_2_Run_Weapon2_8 = 309 248 23 62 67 47 164 128
Bob_2_Run_Weapon2_9 = 333 252 23 58 69 46 164 128
Bob_3_Run_Weapon2_0 = 247 129 35 63 67 43 164 128
Bob_3_Run_Weapon2_1 = 320 124 34 63 68 45 164 128
Bob_3_Run_Weapon2_10 = 320 63 35 60 66 45 164 128
Bob_3_Run_Weapon2_2 = 275 193 33 62 71 46 164 128
Bob_3_Run_Weapon2_3 = 0 310 30 61 73 46 164 128
Bob_3_Run_Weapon2_4 = 92 250 29 60 72 45 164 128
Bob_3_Run_Weapon2_5 = 122 250 28 64 71 43 164 128
Bob_3_Run_Weapon2_6 = 60 314 27 65 72 44 164 128
Bob_3_Run_Weapon2_7 = 88 313 26 65 74 45 164 128
Bob_3_Run_Weapon2_8 = 206 249 26 63 75 46 164 128
Bob_3_Run_Weapon2_9 = 450 0 34 57 67 46 164 128
Bob_4_Run_Weapon2_0 = 47 0 44 62 60 42 164 128
Bob_4_Run_Weapon2_1 = 0 180 41 64 61 43 164 128
Bob_4_Run_Weapon2_10 = 137 0 44 59 60 43 164 128
Bob_4_Run_Weapon2_2 = 169 121 38 65 59 44 164 128
Bob_4_Run_Weapon2_3 = 356 64 34 64 58 45 164 128
Bob_4_Run_Weapon2_4 = 0 0 46 58 59 43 164 128
Bob_4_Run_Weapon2_5 = 92 61 44 59 60 42 164 128
Bob_4_Run_Weapon2_6 = 137 60 43 60 60 42 164 128
Bob_4_Run_Weapon2_7 = 162 187 38 62 59 44 164 128
Bob_4_Run_Weapon2_8 = 379 0 35 63 58 44 164 128
Bob_4_Run_Weapon2_9 = 182 0 44 59 59 44 164 128
Bob_6_Run_Weapon2_0 = 45 63 44 60 61 42 164 128
Bob_6_Run_Weapon2_1 = 129 121 39 62 63 43 164 128
Bob_6_Run_Weapon2_10 = 0 122 43 57 61 44 164 128
Bob_6_Run_Weapon2_2 = 304 0 37 62 68 44 164 128
Bob_6_Run_Weapon2_3 = 391 66 33 62 72 44 164 128
Bob_6_Run_Weapon2_4 = 92 0 44 60 61 43 164 128
Bob_6_Run_Weapon2_5 = 0 59 44 62 61 42 164 128
Bob_6_Run_Weapon2_6 = 44 124 42 63 63 43 164 128
Bob_6_Run_Weapon2_7 = 123 184 38 65 68 44 164 128
Bob_6_Run_Weapon2_8 = 284 65 35 64 72 45 164 128
Bob_6_Run_Weapon2_9 = 181 60 43 58 62 44 164 128
Bob_7_Run_Weapon2_0 = 425 66 33 59 65 41 164 128
Bob_7_Run_Weapon2_1 = 425 126 32 62 65 42 164 128
Bob_7_Run_Weapon2_10 = 389 129 33 57 66 42 164 128
Bob_7_Run_Weapon2_2 = 440 189 30 65 64 43 164 128
Bob_7_Run_Weapon2_3 = 179 250 26 65 65 43 164 128
Bob_7_Run_Weapon2_4 = 142 315 26 61 67 42 164 128
Bob_7_Run_Weapon2_5 = 459 58 24 58 69 41 164 128
Bob_7_Run_Weapon2_6 = 267 321 23 59 69 41 164 128
Bob_7_Run_Weapon2_7 = 403 251 22 63 69 42 164 128
Bob_7_Run_Weapon2_8 = 219 321 23 64 68 43 164 128
Bob_7_Run_Weapon2_9 = 376 189 31 61 67 43 164 128
Bob_8_Run_Weapon2_0 = 383 316 22 58 71 41 164 128
Bob_8_Run_Weapon2_1 = 459 117 23 60 70 42 164 128
Bob_8_Run_Weapon2_10 = 449 255 22 56 73 42 164 128
Bob_8_Run_Weapon2_2 = 380 251 22 64 70 43 164 128
Bob_8_Run_Weapon2_3 = 406 316 21 65 71 43 164 128
Bob_8_Run_Weapon2_4 = 428 316 21 61 72 42 164 128
Bob_8_Run_Weapon2_5 = 225 60 20 58 74 41 164 128
Bob_8_Run_Weapon2_6 = 450 312 21 59 74 41 164 128
Bob_8_Run_Weapon2_7 = 337 318 22 63 75 42 164 128
Bob_8_Run_Weapon2_8 = 291 321 22 65 75 43 164 128
Bob_8_Run_Weapon2_9 = 314 311 22 64 74 42 164 128
Bob_9_Run_Weapon2_0 = 309 188 33 59 66 41 164 128
Bob_9_Run_Weapon2_1 = 408 189 31 61 67 42 164 128
Bob_9_Run_Weapon2_10 = 283 130 35 55 66 43 164 128
Bob_9_Run_Weapon2_2 = 151 250 27 63 72 43 164 128
Bob_9_Run_Weapon2_3 = 31 249 30 64 71 43 164 128
Bob_9_Run_Weapon2_4 = 87 124 41 59 61 42 164 128
Bob_9_Run_Weapon2_5 = 42 188 40 60 62 41 164 128
Bob_9_Run_Weapon2_6 = 83 188 39 61 64 42 164 128
Bob_9_Run_Weapon2_7 = 266 0 37 64 68 43 164 128
Bob_9_Run_Weapon2_8 = 415 0 34 65 71 44 164 128
Bob_9_Run_Weapon2_9 = 342 0 36 61 67 43 164 128
