Bob_1_Run_0 = 424 60 30 64 66 43 164 128
Bob_1_Run_1 = 372 129 29 65 66 44 164 128
Bob_1_Run_10 = 229 193 31 62 65 44 164 128
Bob_1_Run_2 = 28 312 26 64 66 46 164 128
Bob_1_Run_3 = 55 315 26 62 67 46 164 128
Bob_1_Run_4 = 204 124 36 59 65 45 164 128
Bob_1_Run_5 = 126 121 38 61 63 43 164 128
Bob_1_Run_6 = 120 189 36 62 63 44 164 128
Bob_1_Run_7 = 308 128 31 63 64 45 164 128
Bob_1_Run_8 = 275 129 32 62 61 46 164 128
Bob_1_Run_9 = 431 0 32 59 63 45 164 128
Bob_2_Run_0 = 455 60 21 64 71 44 164 128
Bob_2_Run_1 = 132 318 22 64 72 45 164 128
Bob_2_Run_10 = 329 253 21 61 71 45 164 128
Bob_2_Run_2 = 155 318 22 64 73 46 164 128
Bob_2_Run_3 = 351 253 21 61 74 46 164 128
Bob_2_Run_4 = 267 322 21 60 74 45 164 128
Bob_2_Run_5 = 354 315 20 62 74 44 164 128
Bob_2_Run_6 = 201 320 21 65 72 44 164 128
Bob_2_Run_7 = 216 256 22 63 70 46 164 128
Bob_2_Run_8 = 262 256 22 62 69 47 164 128
Bob_2_Run_9 = 373 253 21 58 70 46 164 128
Bob_3_Run_0 = 241 129 33 63 67 43 164 128
Bob_3_Run_1 = 293 192 30 63 68 45 164 128
Bob_3_Run_10 = 324 192 30 60 66 45 164 128
Bob_3_Run_2 = 261 193 31 62 71 46 164 128
Bob_3_Run_3 = 432 188 29 61 73 46 164 128
Bob_3_Run_4 = 0 241 28 60 72 45 164 128
Bob_3_Run_5 = 29 247 27 64 71 43 164 128
Bob_3_Run_6 = 140 252 25 65 72 44 164 128
Bob_3_Run_7 = 108 314 23 65 74 45 164 128
Bob_3_Run_8 = 239 256 22 63 75 46 164 128
Bob_3_Run_9 = 355 195 29 57 67 46 164 128
Bob_4_Run_0 = 46 0 44 62 60 42 164 128
Bob_4_Run_1 = 86 124 39 64 63 43 164 128
Bob_4_Run_10 = 178 64 42 59 62 43 164 128
Bob_4_Run_2 = 157 184 35 65 62 44 164 128
Bob_4_Run_3 = 329 0 33 64 59 45 164 128
Bob_4_Run_4 = 0 0 45 58 60 43 164 128
Bob_4_Run_5 = 0 120 42 59 62 42 164 128
Bob_4_Run_6 = 135 59 42 60 61 42 164 128
Bob_4_Run_7 = 294 0 34 62 63 44 164 128
Bob_4_Run_8 = 392 65 31 63 62 44 164 128
Bob_4_Run_9 = 43 124 42 59 61 44 164 128
Bob_6_Run_0 = 0 59 44 60 61 42 164 128
Bob_6_Run_1 = 41 184 39 62 63 43 164 128
Bob_6_Run_10 = 90 63 43 57 61 44 164 128
Bob_6_Run_2 = 222 0 35 62 68 44 164 128
Bob_6_Run_3 = 325 65 33 62 72 44 164 128
Bob_6_Run_4 = 45 63 44 60 61 43 164 128
Bob_6_Run_5 = 91 0 43 62 61 42 164 128
Bob_6_Run_6 = 179 0 42 63 63 43 164 128
Bob_6_Run_7 = 193 184 35 65 68 44 164 128
Bob_6_Run_8 = 291 63 33 64 72 45 164 128
Bob_6_Run_9 = 135 0 43 58 62 44 164 128
Bob_7_Run_0 = 340 128 31 59 67 41 164 128
Bob_7_Run_1 = 432 125 29 62 68 42 164 128
Bob_7_Run_10 = 385 195 29 57 70 42 164 128
Bob_7_Run_2 = 402 129 29 65 65 43 164 128
Bob_7_Run_3 = 82 315 25 65 66 43 164 128
Bob_7_Run_4 = 113 252 26 61 67 42 164 128
Bob_7_Run_5 = 166 250 25 58 68 41 164 128
Bob_7_Run_6 = 192 250 23 59 69 41 164 128
Bob_7_Run_7 = 245 320 21 63 70 42 164 128
Bob_7_Run_8 = 395 253 20 64 70 43 164 128
Bob_7_Run_9 = 85 251 27 61 71 43 164 128
Bob_8_Run_0 = 375 318 20 58 73 41 164 128
Bob_8_Run_1 = 289 322 21 60 71 42 164 128
Bob_8_Run_10 = 311 321 21 56 73 42 164 128
Bob_8_Run_2 = 307 256 21 64 70 43 164 128
Bob_8_Run_3 = 285 256 21 65 70 43 164 128
Bob_8_Run_4 = 416 250 20 61 71 42 164 128
Bob_8_Run_5 = 396 318 19 58 72 41 164 128
Bob_8_Run_6 = 437 250 20 59 73 41 164 128
Bob_8_Run_7 = 178 310 22 63 73 42 164 128
Bob_8_Run_8 = 223 320 21 65 74 43 164 128
Bob_8_Run_9 = 333 315 20 64 74 42 164 128
Bob_9_Run_0 = 397 0 33 59 66 41 164 128
Bob_9_Run_1 = 359 65 32 61 67 42 164 128
Bob_9_Run_10 = 222 63 34 55 66 43 164 128
Bob_9_Run_2 = 57 251 27 63 72 43 164 128
Bob_9_Run_3 = 0 302 27 64 71 43 164 128
Bob_9_Run_4 = 165 124 38 59 61 42 164 128
Bob_9_Run_5 = 0 180 40 60 62 41 164 128
Bob_9_Run_6 = 81 189 38 61 64 42 164 128
Bob_9_Run_7 = 363 0 33 64 68 43 164 128
Bob_9_Run_8 = 257 63 33 65 71 44 164 128
Bob_9_Run_9 = 258 0 35 61 67 43 164 128
