Bob_1_Idle_0 = 178 67 19 67 76 42 164 128
Bob_1_Idle_1 = 128 135 18 67 76 42 164 128
Bob_1_Idle_2 = 198 67 18 67 76 42 164 128
Bob_1_Idle_3 = 147 135 18 67 76 42 164 128
Bob_1_Idle_4 = 217 67 18 67 76 42 164 128
Bob_1_Idle_5 = 166 135 18 67 76 42 164 128
Bob_2_Idle_0 = 72 0 23 66 71 42 164 128
Bob_2_Idle_1 = 96 0 23 66 71 42 164 128
Bob_2_Idle_2 = 120 0 23 66 71 42 164 128
Bob_2_Idle_3 = 144 0 23 66 71 42 164 128
Bob_2_Idle_4 = 168 0 23 66 71 42 164 128
Bob_2_Idle_5 = 192 0 23 66 71 42 164 128
Bob_3_Idle_0 = 44 136 20 67 70 42 164 128
Bob_3_Idle_1 = 65 136 20 67 70 42 164 128
Bob_3_Idle_2 = 136 67 20 67 70 42 164 128
Bob_3_Idle_3 = 86 136 20 67 70 42 164 128
Bob_3_Idle_4 = 157 67 20 67 70 42 164 128
Bob_3_Idle_5 = 107 135 20 67 70 42 164 128
Bob_4_Idle_0 = 321 0 12 67 78 42 164 128
Bob_4_Idle_1 = 255 68 12 67 78 42 164 128
Bob_4_Idle_2 = 293 0 13 67 78 42 164 128
Bob_4_Idle_3 = 307 0 13 67 78 42 164 128
Bob_4_Idle_4 = 334 0 12 67 78 42 164 128
Bob_4_Idle_5 = 268 68 12 67 78 42 164 128
Bob_6_Idle_0 = 347 0 12 67 75 42 164 128
Bob_6_Idle_1 = 281 68 12 67 75 42 164 128
Bob_6_Idle_2 = 360 0 12 67 75 42 164 128
Bob_6_Idle_3 = 294 68 12 67 75 42 164 128
Bob_6_Idle_4 = 373 0 12 67 75 42 164 128
Bob_6_Idle_5 = 307 68 12 67 75 42 164 128
Bob_7_Idle_0 = 48 68 21 67 74 42 164 128
Bob_7_Idle_1 = 0 135 21 67 74 42 164 128
Bob_7_Idle_2 = 70 68 21 67 74 42 164 128
Bob_7_Idle_3 = 22 135 21 67 74 42 164 128
Bob_7_Idle_4 = 92 67 21 67 74 42 164 128
Bob_7_Idle_5 = 114 67 21 67 74 42 164 128
Bob_8_Idle_0 = 216 0 23 66 71 43 164 128
Bob_8_Idle_1 = 0 68 23 66 71 43 164 128
Bob_8_Idle_2 = 0 0 23 67 71 42 164 128
Bob_8_Idle_3 = 24 0 23 67 71 42 164 128
Bob_8_Idle_4 = 48 0 23 67 71 42 164 128
Bob_8_Idle_5 = 24 68 23 66 71 43 164 128
Bob_9_Idle_0 = 236 67 18 67 71 42 164 128
Bob_9_Idle_1 = 185 135 18 67 71 42 164 128
Bob_9_Idle_2 = 204 135 18 67 71 42 164 128
Bob_9_Idle_3 = 223 135 18 67 71 42 164 128
Bob_9_Idle_4 = 255 0 18 67 71 42 164 128
Bob_9_Idle_5 = 274 0 18 67 71 42 164 128
