Bob_1_Walk_0 = 58 66 28 66 69 43 164 128
Bob_1_Walk_1 = 174 67 26 65 70 43 164 128
Bob_1_Walk_10 = 243 137 23 66 71 43 164 128
Bob_1_Walk_2 = 0 202 22 66 72 42 164 128
Bob_1_Walk_3 = 391 205 18 65 75 42 164 128
Bob_1_Walk_4 = 205 202 21 65 74 43 164 128
Bob_1_Walk_5 = 29 134 28 65 69 43 164 128
Bob_1_Walk_6 = 115 133 26 65 71 43 164 128
Bob_1_Walk_7 = 291 203 20 65 76 42 164 128
Bob_1_Walk_8 = 332 206 19 65 75 42 164 128
Bob_1_Walk_9 = 115 265 21 66 73 42 164 128
Bob_2_Walk_0 = 23 202 22 66 70 43 164 128
Bob_2_Walk_1 = 46 200 22 66 71 43 164 128
Bob_2_Walk_10 = 330 0 23 67 70 42 164 128
Bob_2_Walk_2 = 326 69 23 66 71 42 164 128
Bob_2_Walk_3 = 46 267 22 65 72 42 164 128
Bob_2_Walk_4 = 402 0 23 66 72 43 164 128
Bob_2_Walk_5 = 338 136 22 67 73 43 164 128
Bob_2_Walk_6 = 267 137 23 66 72 43 164 128
Bob_2_Walk_7 = 0 269 22 66 72 42 164 128
Bob_2_Walk_8 = 115 199 22 65 71 42 164 128
Bob_2_Walk_9 = 350 68 23 66 70 42 164 128
Bob_3_Walk_0 = 201 66 26 65 69 43 164 128
Bob_3_Walk_1 = 69 268 22 65 70 43 164 128
Bob_3_Walk_10 = 284 271 19 65 71 43 164 128
Bob_3_Walk_2 = 352 204 19 65 71 42 164 128
Bob_3_Walk_3 = 227 204 21 64 71 42 164 128
Bob_3_Walk_4 = 228 68 25 66 70 43 164 128
Bob_3_Walk_5 = 0 135 28 66 69 43 164 128
Bob_3_Walk_6 = 87 66 28 66 68 43 164 128
Bob_3_Walk_7 = 218 135 24 66 70 42 164 128
Bob_3_Walk_8 = 159 269 21 65 71 42 164 128
Bob_3_Walk_9 = 324 273 18 65 72 42 164 128
Bob_4_Walk_0 = 0 0 35 65 65 43 164 128
Bob_4_Walk_1 = 58 133 28 65 71 43 164 128
Bob_4_Walk_10 = 256 0 24 66 74 42 164 128
Bob_4_Walk_2 = 183 201 21 66 76 42 164 128
Bob_4_Walk_3 = 372 205 18 66 76 42 164 128
Bob_4_Walk_4 = 138 201 22 65 75 43 164 128
Bob_4_Walk_5 = 71 0 32 65 67 43 164 128
Bob_4_Walk_6 = 200 0 29 65 70 43 164 128
Bob_4_Walk_7 = 426 0 23 65 75 42 164 128
Bob_4_Walk_8 = 304 273 19 65 76 42 164 128
Bob_4_Walk_9 = 137 267 21 66 75 42 164 128
Bob_6_Walk_0 = 36 0 34 65 65 43 164 128
Bob_6_Walk_1 = 145 67 28 64 66 43 164 128
Bob_6_Walk_10 = 281 0 24 66 67 42 164 128
Bob_6_Walk_2 = 181 269 21 64 68 42 164 128
Bob_6_Walk_3 = 410 205 18 65 71 42 164 128
Bob_6_Walk_4 = 291 137 23 65 68 43 164 128
Bob_6_Walk_5 = 104 0 32 65 66 43 164 128
Bob_6_Walk_6 = 169 0 30 66 65 43 164 128
Bob_6_Walk_7 = 69 201 22 66 67 42 164 128
Bob_6_Walk_8 = 244 272 19 66 70 42 164 128
Bob_6_Walk_9 = 203 268 20 66 69 42 164 128
Bob_7_Walk_0 = 168 133 24 67 71 43 164 128
Bob_7_Walk_1 = 92 268 21 67 74 42 164 128
Bob_7_Walk_10 = 312 206 19 66 75 42 164 128
Bob_7_Walk_2 = 249 204 20 67 74 42 164 128
Bob_7_Walk_3 = 421 67 22 67 72 42 164 128
Bob_7_Walk_4 = 230 0 25 67 70 42 164 128
Bob_7_Walk_5 = 0 66 28 68 68 43 164 128
Bob_7_Walk_6 = 87 133 27 67 69 43 164 128
Bob_7_Walk_7 = 142 133 25 67 70 42 164 128
Bob_7_Walk_8 = 23 269 22 66 72 42 164 128
Bob_7_Walk_9 = 264 272 19 66 74 42 164 128
Bob_8_Walk_0 = 306 0 23 68 72 43 164 128
Bob_8_Walk_1 = 315 137 22 68 72 42 164 128
Bob_8_Walk_10 = 361 135 22 67 72 42 164 128
Bob_8_Walk_2 = 92 201 22 66 71 42 164 128
Bob_8_Walk_3 = 384 137 22 67 71 42 164 128
Bob_8_Walk_4 = 278 67 23 67 70 42 164 128
Bob_8_Walk_5 = 254 68 23 68 70 43 164 128
Bob_8_Walk_6 = 398 68 22 68 71 43 164 128
Bob_8_Walk_7 = 354 0 23 67 71 42 164 128
Bob_8_Walk_8 = 407 137 22 67 72 42 164 128
Bob_8_Walk_9 = 430 135 22 67 72 42 164 128
Bob_9_Walk_0 = 29 66 28 67 68 43 164 128
Bob_9_Walk_1 = 193 133 24 67 70 42 164 128
Bob_9_Walk_10 = 302 69 23 67 71 42 164 128
Bob_9_Walk_2 = 270 204 20 66 72 42 164 128
Bob_9_Walk_3 = 343 272 18 65 72 42 164 128
Bob_9_Walk_4 = 374 68 23 65 68 42 164 128
Bob_9_Walk_5 = 137 0 31 66 66 43 164 128
Bob_9_Walk_6 = 116 67 28 65 66 43 164 128
Bob_9_Walk_7 = 378 0 23 67 67 42 164 128
Bob_9_Walk_8 = 224 269 19 67 70 42 164 128
Bob_9_Walk_9 = 161 201 21 67 71 42 164 128
