Hammer_1_Walk_0 = 133 129 11 8 63 70 164 128
Hammer_1_Walk_1 = 66 170 13 6 64 71 164 128
Hammer_1_Walk_10 = 85 159 13 5 64 72 164 128
Hammer_1_Walk_2 = 84 165 13 4 65 73 164 128
Hammer_1_Walk_3 = 132 138 11 4 67 75 164 128
Hammer_1_Walk_4 = 154 141 7 4 70 77 164 128
Hammer_1_Walk_5 = 162 141 5 4 73 78 164 128
Hammer_1_Walk_6 = 119 173 6 3 72 78 164 128
Hammer_1_Walk_7 = 110 165 9 4 69 76 164 128
Hammer_1_Walk_8 = 80 170 13 4 66 74 164 128
Hammer_1_Walk_9 = 119 129 13 5 65 72 164 128
Hammer_2_Walk_0 = 120 165 8 7 71 72 164 128
Hammer_2_Walk_1 = 156 129 8 5 71 73 164 128
Hammer_2_Walk_10 = 143 144 8 5 71 73 164 128
Hammer_2_Walk_2 = 154 135 8 5 71 74 164 128
Hammer_2_Walk_3 = 110 170 8 6 71 76 164 128
Hammer_2_Walk_4 = 145 135 8 8 71 75 164 128
Hammer_2_Walk_5 = 125 150 8 9 71 75 164 128
Hammer_2_Walk_6 = 143 150 7 9 71 75 164 128
Hammer_2_Walk_7 = 134 148 8 8 70 75 164 128
Hammer_2_Walk_8 = 129 163 7 5 71 76 164 128
Hammer_2_Walk_9 = 134 157 8 5 71 74 164 128
Hammer_3_Walk_0 = 73 140 14 10 74 72 164 128
Hammer_3_Walk_1 = 70 151 14 8 74 73 164 128
Hammer_3_Walk_10 = 88 140 14 8 73 73 164 128
Hammer_3_Walk_2 = 85 151 14 7 73 74 164 128
Hammer_3_Walk_3 = 51 170 14 6 72 77 164 128
Hammer_3_Walk_4 = 69 160 14 8 70 77 164 128
Hammer_3_Walk_5 = 104 129 14 8 68 77 164 128
Hammer_3_Walk_6 = 98 165 11 7 71 78 164 128
Hammer_3_Walk_7 = 118 143 12 6 72 78 164 128
Hammer_3_Walk_8 = 35 167 15 6 71 76 164 128
Hammer_3_Walk_9 = 54 151 15 6 72 74 164 128
Hammer_4_Walk_0 = 119 135 12 7 68 68 164 128
Hammer_4_Walk_1 = 113 151 11 6 69 69 164 128
Hammer_4_Walk_10 = 113 158 11 6 69 69 164 128
Hammer_4_Walk_2 = 131 143 10 4 70 71 164 128
Hammer_4_Walk_3 = 94 173 7 3 73 73 164 128
Hammer_4_Walk_4 = 88 149 4 1 89 76 164 128
Hammer_4_Walk_5 = 35 174 7 2 89 76 164 128
Hammer_4_Walk_6 = 43 174 6 2 89 76 164 128
Hammer_4_Walk_7 = 0 174 16 2 76 75 164 128
Hammer_4_Walk_8 = 102 173 7 3 73 72 164 128
Hammer_4_Walk_9 = 145 129 10 5 70 70 164 128
Hammer_6_Walk_0 = 37 140 16 12 84 70 164 128
Hammer_6_Walk_1 = 19 137 17 11 82 71 164 128
Hammer_6_Walk_10 = 0 162 17 11 81 71 164 128
Hammer_6_Walk_2 = 0 129 18 8 79 73 164 128
Hammer_6_Walk_3 = 0 138 18 7 76 75 164 128
Hammer_6_Walk_4 = 0 146 18 7 72 78 164 128
Hammer_6_Walk_5 = 19 129 18 7 69 79 164 128
Hammer_6_Walk_6 = 19 149 17 7 70 79 164 128
Hammer_6_Walk_7 = 0 154 18 7 73 77 164 128
Hammer_6_Walk_8 = 19 157 17 6 77 75 164 128
Hammer_6_Walk_9 = 38 129 17 10 80 72 164 128
Hammer_7_Walk_0 = 0 0 164 128 0 0 164 128
Hammer_7_Walk_1 = 165 6 2 1 90 76 164 128
Hammer_7_Walk_10 = 165 0 2 2 90 76 164 128
Hammer_7_Walk_2 = 165 3 2 2 90 76 164 128
Hammer_7_Walk_3 = 94 170 3 2 90 76 164 128
Hammer_7_Walk_4 = 151 158 6 3 89 77 164 128
Hammer_7_Walk_5 = 17 174 8 2 88 79 164 128
Hammer_7_Walk_6 = 26 173 8 2 88 78 164 128
Hammer_7_Walk_7 = 125 160 5 2 90 77 164 128
Hammer_7_Walk_8 = 126 174 4 2 90 76 164 128
Hammer_7_Walk_9 = 131 174 3 2 90 76 164 128
Hammer_8_Walk_0 = 137 163 6 12 88 67 164 128
Hammer_8_Walk_1 = 152 146 6 11 88 68 164 128
Hammer_8_Walk_10 = 159 146 6 11 88 68 164 128
Hammer_8_Walk_2 = 151 162 5 9 88 70 164 128
Hammer_8_Walk_3 = 157 167 3 7 89 73 164 128
Hammer_8_Walk_4 = 163 135 4 4 88 77 164 128
Hammer_8_Walk_5 = 129 169 6 4 88 78 164 128
Hammer_8_Walk_6 = 144 171 4 4 88 78 164 128
Hammer_8_Walk_7 = 163 158 4 6 88 75 164 128
Hammer_8_Walk_8 = 158 158 4 8 89 72 164 128
Hammer_8_Walk_9 = 144 160 6 10 88 69 164 128
Hammer_9_Walk_0 = 100 151 12 13 90 68 164 128
Hammer_9_Walk_1 = 104 138 13 12 88 69 164 128
Hammer_9_Walk_10 = 54 158 14 11 87 70 164 128
Hammer_9_Walk_2 = 73 129 15 10 85 71 164 128
Hammer_9_Walk_3 = 56 129 16 7 82 74 164 128
Hammer_9_Walk_4 = 37 153 16 6 79 77 164 128
Hammer_9_Walk_5 = 56 137 16 6 76 79 164 128
Hammer_9_Walk_6 = 37 160 16 6 77 78 164 128
Hammer_9_Walk_7 = 54 144 16 6 80 76 164 128
Hammer_9_Walk_8 = 18 164 16 8 83 73 164 128
Hammer_9_Walk_9 = 89 129 14 10 86 71 164 128
