Handgun_1_Run_0 = 406 387 5 14 67 51 164 128
Handgun_1_Run_1 = 412 387 5 12 67 53 164 128
Handgun_1_Run_10 = 418 387 5 11 64 57 164 128
Handgun_1_Run_2 = 436 387 5 9 66 58 164 128
Handgun_1_Run_3 = 461 387 3 8 67 60 164 128
Handgun_1_Run_4 = 244 397 4 7 67 59 164 128
Handgun_1_Run_5 = 392 387 6 9 66 58 164 128
Handgun_1_Run_6 = 362 396 5 8 64 62 164 128
Handgun_1_Run_7 = 315 387 7 10 60 65 164 128
Handgun_1_Run_8 = 274 387 8 9 57 67 164 128
Handgun_1_Run_9 = 355 396 6 8 60 63 164 128
Handgun_2_Run_0 = 283 387 7 14 77 52 164 128
Handgun_2_Run_1 = 196 387 9 13 77 54 164 128
Handgun_2_Run_10 = 291 387 7 13 76 58 164 128
Handgun_2_Run_2 = 174 387 10 11 78 58 164 128
Handgun_2_Run_3 = 151 387 11 9 77 61 164 128
Handgun_2_Run_4 = 236 387 9 9 75 60 164 128
Handgun_2_Run_5 = 331 387 7 9 74 59 164 128
Handgun_2_Run_6 = 385 387 6 10 72 62 164 128
Handgun_2_Run_7 = 323 387 7 10 71 68 164 128
Handgun_2_Run_8 = 339 387 7 9 72 70 164 128
Handgun_2_Run_9 = 347 387 7 9 75 65 164 128
Handgun_3_Run_0 = 256 387 8 14 86 52 164 128
Handgun_3_Run_1 = 163 387 10 14 86 53 164 128
Handgun_3_Run_10 = 127 387 11 12 87 58 164 128
Handgun_3_Run_2 = 30 387 13 11 88 57 164 128
Handgun_3_Run_3 = 86 387 13 8 88 61 164 128
Handgun_3_Run_4 = 0 387 14 9 83 60 164 128
Handgun_3_Run_5 = 15 387 14 8 79 60 164 128
Handgun_3_Run_6 = 72 387 13 9 78 63 164 128
Handgun_3_Run_7 = 44 387 13 10 81 68 164 128
Handgun_3_Run_8 = 15 396 14 8 85 70 164 128
Handgun_3_Run_9 = 58 387 13 10 87 64 164 128
Handgun_4_Run_0 = 299 387 7 13 65 49 164 128
Handgun_4_Run_1 = 307 387 7 11 64 51 164 128
Handgun_4_Run_10 = 216 387 9 11 60 54 164 128
Handgun_4_Run_2 = 246 387 9 9 60 55 164 128
Handgun_4_Run_3 = 114 397 9 7 59 58 164 128
Handgun_4_Run_4 = 30 399 6 4 62 58 164 128
Handgun_4_Run_5 = 52 398 2 2 66 60 164 128
Handgun_4_Run_6 = 49 402 2 2 64 64 164 128
Handgun_4_Run_7 = 185 396 9 8 60 62 164 128
Handgun_4_Run_8 = 0 397 13 7 55 64 164 128
Handgun_4_Run_9 = 114 387 12 9 56 59 164 128
Handgun_6_Run_0 = 371 387 6 13 95 51 164 128
Handgun_6_Run_1 = 378 387 6 13 95 51 164 128
Handgun_6_Run_10 = 206 387 9 13 97 55 164 128
Handgun_6_Run_2 = 265 387 8 12 96 54 164 128
Handgun_6_Run_3 = 226 387 9 10 96 57 164 128
Handgun_6_Run_4 = 185 387 10 8 93 59 164 128
Handgun_6_Run_5 = 86 396 13 8 88 59 164 128
Handgun_6_Run_6 = 72 397 13 7 89 62 164 128
Handgun_6_Run_7 = 100 387 13 8 94 66 164 128
Handgun_6_Run_8 = 100 396 13 8 99 67 164 128
Handgun_6_Run_9 = 139 387 11 11 99 60 164 128
Handgun_7_Run_0 = 37 403 1 1 73 49 164 128
Handgun_7_Run_1 = 52 401 2 2 71 50 164 128
Handgun_7_Run_10 = 55 398 2 2 71 52 164 128
Handgun_7_Run_2 = 37 399 4 3 68 52 164 128
Handgun_7_Run_3 = 39 403 1 1 68 55 164 128
Handgun_7_Run_4 = 0 0 164 128 0 0 164 128
Handgun_7_Run_5 = 165 0 164 128 0 0 164 128
Handgun_7_Run_6 = 55 401 1 2 86 62 164 128
Handgun_7_Run_7 = 60 398 1 1 75 66 164 128
Handgun_7_Run_8 = 57 401 1 1 72 66 164 128
Handgun_7_Run_9 = 49 398 2 3 70 56 164 128
Handgun_8_Run_0 = 330 0 164 128 0 0 164 128
Handgun_8_Run_1 = 0 129 164 128 0 0 164 128
Handgun_8_Run_10 = 0 258 164 128 0 0 164 128
Handgun_8_Run_2 = 58 398 1 2 77 52 164 128
Handgun_8_Run_3 = 165 129 164 128 0 0 164 128
Handgun_8_Run_4 = 165 258 164 128 0 0 164 128
Handgun_8_Run_5 = 330 129 164 128 0 0 164 128
Handgun_8_Run_6 = 57 403 1 1 89 62 164 128
Handgun_8_Run_7 = 42 399 3 5 89 63 164 128
Handgun_8_Run_8 = 46 398 2 5 89 64 164 128
Handgun_8_Run_9 = 330 258 164 128 0 0 164 128
Handgun_9_Run_0 = 399 387 6 9 93 51 164 128
Handgun_9_Run_1 = 430 387 5 10 93 52 164 128
Handgun_9_Run_10 = 442 387 4 13 97 52 164 128
Handgun_9_Run_2 = 447 387 4 11 95 53 164 128
Handgun_9_Run_3 = 457 387 3 10 95 55 164 128
Handgun_9_Run_4 = 452 387 4 8 94 57 164 128
Handgun_9_Run_5 = 355 387 7 8 92 57 164 128
Handgun_9_Run_6 = 151 397 8 7 93 60 164 128
Handgun_9_Run_7 = 236 397 7 7 98 64 164 128
Handgun_9_Run_8 = 363 387 7 8 100 64 164 128
Handgun_9_Run_9 = 424 387 5 11 99 57 164 128
