Knife_1_Walk_0 = 201 258 7 6 67 72 164 128
Knife_1_Walk_1 = 201 265 7 4 69 73 164 128
Knife_1_Walk_10 = 184 258 8 3 69 74 164 128
Knife_1_Walk_2 = 45 268 7 1 71 75 164 128
Knife_1_Walk_3 = 209 267 5 2 73 75 164 128
Knife_1_Walk_4 = 0 0 164 128 0 0 164 128
Knife_1_Walk_5 = 165 0 164 128 0 0 164 128
Knife_1_Walk_6 = 0 129 164 128 0 0 164 128
Knife_1_Walk_7 = 133 266 1 1 77 76 164 128
Knife_1_Walk_8 = 133 268 5 1 73 75 164 128
Knife_1_Walk_9 = 184 262 8 3 70 74 164 128
Knife_2_Walk_0 = 243 264 4 4 71 75 164 128
Knife_2_Walk_1 = 253 266 3 2 72 76 164 128
Knife_2_Walk_10 = 180 268 2 1 72 77 164 128
Knife_2_Walk_2 = 267 267 2 2 73 76 164 128
Knife_2_Walk_3 = 281 258 2 2 73 77 164 128
Knife_2_Walk_4 = 259 265 3 4 73 76 164 128
Knife_2_Walk_5 = 275 258 2 6 74 75 164 128
Knife_2_Walk_6 = 259 258 3 6 73 75 164 128
Knife_2_Walk_7 = 271 264 2 5 73 75 164 128
Knife_2_Walk_8 = 263 265 3 2 72 76 164 128
Knife_2_Walk_9 = 224 268 2 1 72 77 164 128
Knife_3_Walk_0 = 145 258 9 6 74 76 164 128
Knife_3_Walk_1 = 145 265 9 4 74 76 164 128
Knife_3_Walk_10 = 155 264 9 4 73 77 164 128
Knife_3_Walk_2 = 122 266 10 2 73 77 164 128
Knife_3_Walk_3 = 165 258 9 3 72 77 164 128
Knife_3_Walk_4 = 155 258 9 5 70 77 164 128
Knife_3_Walk_5 = 224 258 6 4 71 78 164 128
Knife_3_Walk_6 = 224 263 6 4 71 78 164 128
Knife_3_Walk_7 = 184 266 7 3 72 78 164 128
Knife_3_Walk_8 = 209 258 7 2 74 78 164 128
Knife_3_Walk_9 = 111 265 10 3 72 77 164 128
Knife_4_Walk_0 = 165 262 8 5 72 70 164 128
Knife_4_Walk_1 = 237 267 4 2 75 72 164 128
Knife_4_Walk_10 = 248 266 4 2 75 72 164 128
Knife_4_Walk_2 = 176 268 3 1 76 73 164 128
Knife_4_Walk_3 = 257 266 1 1 89 75 164 128
Knife_4_Walk_4 = 139 268 5 1 89 76 164 128
Knife_4_Walk_5 = 209 261 7 2 89 76 164 128
Knife_4_Walk_6 = 209 264 7 2 89 76 164 128
Knife_4_Walk_7 = 171 268 4 1 89 76 164 128
Knife_4_Walk_8 = 227 268 2 1 78 74 164 128
Knife_4_Walk_9 = 230 268 2 1 77 73 164 128
Knife_6_Walk_0 = 74 258 12 10 84 73 164 128
Knife_6_Walk_1 = 60 258 13 7 81 75 164 128
Knife_6_Walk_10 = 0 258 14 7 80 75 164 128
Knife_6_Walk_2 = 30 258 14 5 79 76 164 128
Knife_6_Walk_3 = 45 262 14 2 76 78 164 128
Knife_6_Walk_4 = 0 266 14 3 72 79 164 128
Knife_6_Walk_5 = 15 265 14 4 69 79 164 128
Knife_6_Walk_6 = 30 264 14 4 69 79 164 128
Knife_6_Walk_7 = 45 265 14 2 73 79 164 128
Knife_6_Walk_8 = 45 258 14 3 76 78 164 128
Knife_6_Walk_9 = 15 258 14 6 79 76 164 128
Knife_7_Walk_0 = 165 129 164 128 0 0 164 128
Knife_7_Walk_1 = 257 268 1 1 91 77 164 128
Knife_7_Walk_10 = 215 267 1 2 91 76 164 128
Knife_7_Walk_2 = 233 268 2 1 90 76 164 128
Knife_7_Walk_3 = 271 258 3 2 90 76 164 128
Knife_7_Walk_4 = 243 258 5 2 90 78 164 128
Knife_7_Walk_5 = 53 268 6 1 90 79 164 128
Knife_7_Walk_6 = 165 268 5 1 91 79 164 128
Knife_7_Walk_7 = 243 261 5 2 90 77 164 128
Knife_7_Walk_8 = 267 264 3 2 90 76 164 128
Knife_7_Walk_9 = 271 261 3 2 90 76 164 128
Knife_8_Walk_0 = 217 258 6 10 89 69 164 128
Knife_8_Walk_1 = 231 258 5 9 89 70 164 128
Knife_8_Walk_10 = 237 258 5 8 89 71 164 128
Knife_8_Walk_2 = 249 258 4 7 89 72 164 128
Knife_8_Walk_3 = 267 258 3 5 89 75 164 128
Knife_8_Walk_4 = 274 265 2 2 90 79 164 128
Knife_8_Walk_5 = 278 263 2 2 90 80 164 128
Knife_8_Walk_6 = 281 261 2 2 90 80 164 128
Knife_8_Walk_7 = 278 258 2 4 90 77 164 128
Knife_8_Walk_8 = 263 258 3 6 90 74 164 128
Knife_8_Walk_9 = 254 258 4 7 89 72 164 128
Knife_9_Walk_0 = 193 258 7 11 91 71 164 128
Knife_9_Walk_1 = 135 258 9 9 88 72 164 128
Knife_9_Walk_10 = 175 258 8 9 88 73 164 128
Knife_9_Walk_2 = 87 261 11 7 85 74 164 128
Knife_9_Walk_3 = 99 264 11 4 82 77 164 128
Knife_9_Walk_4 = 112 262 11 2 79 80 164 128
Knife_9_Walk_5 = 60 266 12 2 76 81 164 128
Knife_9_Walk_6 = 87 258 12 2 77 81 164 128
Knife_9_Walk_7 = 112 258 11 3 80 79 164 128
Knife_9_Walk_8 = 100 258 11 5 83 76 164 128
Knife_9_Walk_9 = 124 258 10 7 86 74 164 128
