Knife_1_Run_0 = 675 331 2 11 69 53 164 128
Knife_1_Run_1 = 690 263 2 5 69 56 164 128
Knife_1_Run_10 = 718 288 3 4 64 60 164 128
Knife_1_Run_2 = 690 314 1 3 68 61 164 128
Knife_1_Run_3 = 674 276 1 1 68 63 164 128
Knife_1_Run_4 = 705 299 4 6 67 61 164 128
Knife_1_Run_5 = 660 342 5 9 67 59 164 128
Knife_1_Run_6 = 678 318 4 7 65 64 164 128
Knife_1_Run_7 = 733 269 5 11 61 66 164 128
Knife_1_Run_8 = 718 273 6 10 58 68 164 128
Knife_1_Run_9 = 718 284 6 3 60 65 164 128
Knife_2_Run_0 = 692 311 5 9 79 54 164 128
Knife_2_Run_1 = 700 279 9 10 77 56 164 128
Knife_2_Run_10 = 730 261 7 7 76 61 164 128
Knife_2_Run_2 = 706 258 12 5 77 61 164 128
Knife_2_Run_3 = 706 264 12 3 76 64 164 128
Knife_2_Run_4 = 660 321 9 7 75 62 164 128
Knife_2_Run_5 = 697 293 7 9 73 60 164 128
Knife_2_Run_6 = 683 314 6 10 72 63 164 128
Knife_2_Run_7 = 739 258 6 11 71 68 164 128
Knife_2_Run_8 = 670 321 7 9 72 71 164 128
Knife_2_Run_9 = 717 269 8 3 74 67 164 128
Knife_3_Run_0 = 673 305 9 12 86 53 164 128
Knife_3_Run_1 = 693 258 12 12 86 54 164 128
Knife_3_Run_10 = 676 263 13 8 86 60 164 128
Knife_3_Run_2 = 660 262 15 7 87 59 164 128
Knife_3_Run_3 = 660 258 16 3 86 63 164 128
Knife_3_Run_4 = 660 270 15 5 82 63 164 128
Knife_3_Run_5 = 660 286 13 8 79 61 164 128
Knife_3_Run_6 = 674 278 12 10 79 63 164 128
Knife_3_Run_7 = 660 295 12 10 81 69 164 128
Knife_3_Run_8 = 660 276 13 9 85 71 164 128
Knife_3_Run_9 = 677 258 15 4 86 67 164 128
Knife_4_Run_0 = 660 329 7 12 64 50 164 128
Knife_4_Run_1 = 687 293 9 10 62 52 164 128
Knife_4_Run_10 = 690 271 12 7 58 56 164 128
Knife_4_Run_2 = 660 315 10 5 59 57 164 128
Knife_4_Run_3 = 730 258 8 2 59 60 164 128
Knife_4_Run_4 = 668 336 5 4 62 60 164 128
Knife_4_Run_5 = 0 0 164 128 0 0 164 128
Knife_4_Run_6 = 703 276 2 2 65 66 164 128
Knife_4_Run_7 = 692 304 6 6 61 66 164 128
Knife_4_Run_8 = 719 263 9 5 56 67 164 128
Knife_4_Run_9 = 687 279 12 4 55 61 164 128
Knife_6_Run_0 = 726 269 6 14 95 50 164 128
Knife_6_Run_1 = 710 279 7 12 95 52 164 128
Knife_6_Run_10 = 706 268 10 10 97 57 164 128
Knife_6_Run_2 = 683 305 8 8 97 56 164 128
Knife_6_Run_3 = 719 258 10 4 96 60 164 128
Knife_6_Run_4 = 660 312 11 2 92 62 164 128
Knife_6_Run_5 = 660 306 12 5 88 61 164 128
Knife_6_Run_6 = 673 296 11 8 90 63 164 128
Knife_6_Run_7 = 687 284 11 8 95 67 164 128
Knife_6_Run_8 = 674 289 12 6 99 69 164 128
Knife_6_Run_9 = 676 272 13 5 98 63 164 128
Knife_7_Run_0 = 675 318 2 2 72 49 164 128
Knife_7_Run_1 = 750 258 3 3 70 50 164 128
Knife_7_Run_10 = 683 325 2 2 70 53 164 128
Knife_7_Run_2 = 725 284 2 2 67 54 164 128
Knife_7_Run_3 = 165 0 164 128 0 0 164 128
Knife_7_Run_4 = 330 0 164 128 0 0 164 128
Knife_7_Run_5 = 0 129 164 128 0 0 164 128
Knife_7_Run_6 = 0 258 164 128 0 0 164 128
Knife_7_Run_7 = 165 129 164 128 0 0 164 128
Knife_7_Run_8 = 671 318 3 2 72 66 164 128
Knife_7_Run_9 = 712 297 2 2 70 58 164 128
Knife_8_Run_0 = 165 258 164 128 0 0 164 128
Knife_8_Run_1 = 330 129 164 128 0 0 164 128
Knife_8_Run_10 = 330 258 164 128 0 0 164 128
Knife_8_Run_2 = 495 0 164 128 0 0 164 128
Knife_8_Run_3 = 495 129 164 128 0 0 164 128
Knife_8_Run_4 = 660 0 164 128 0 0 164 128
Knife_8_Run_5 = 495 258 164 128 0 0 164 128
Knife_8_Run_6 = 699 310 2 2 88 62 164 128
Knife_8_Run_7 = 666 342 3 4 88 64 164 128
Knife_8_Run_8 = 690 269 1 1 89 65 164 128
Knife_8_Run_9 = 660 129 164 128 0 0 164 128
Knife_9_Run_0 = 690 318 1 3 95 52 164 128
Knife_9_Run_1 = 710 299 1 3 95 52 164 128
Knife_9_Run_10 = 746 258 3 7 98 55 164 128
Knife_9_Run_2 = 685 296 1 7 96 55 164 128
Knife_9_Run_3 = 703 271 2 4 96 58 164 128
Knife_9_Run_4 = 699 290 4 2 94 60 164 128
Knife_9_Run_5 = 668 331 6 4 92 60 164 128
Knife_9_Run_6 = 705 292 6 6 94 62 164 128
Knife_9_Run_7 = 678 326 4 7 99 65 164 128
Knife_9_Run_8 = 712 292 5 4 101 67 164 128
Knife_9_Run_9 = 699 303 5 6 99 60 164 128
