Poolcue_1_Walk_0 = 123 215 32 27 43 51 164 128
Poolcue_1_Walk_1 = 137 124 39 18 38 60 164 128
Poolcue_1_Walk_10 = 43 227 39 17 38 61 164 128
Poolcue_1_Walk_2 = 47 146 45 6 33 71 164 128
Poolcue_1_Walk_3 = 0 145 46 10 32 74 164 128
Poolcue_1_Walk_4 = 0 208 43 17 35 76 164 128
Poolcue_1_Walk_5 = 91 163 39 19 38 78 164 128
Poolcue_1_Walk_6 = 44 208 41 18 37 77 164 128
Poolcue_1_Walk_7 = 0 193 44 14 34 75 164 128
Poolcue_1_Walk_8 = 0 156 46 5 33 74 164 128
Poolcue_1_Walk_9 = 0 226 42 12 36 66 164 128
Poolcue_2_Walk_0 = 229 32 22 27 70 53 164 128
Poolcue_2_Walk_1 = 232 0 17 16 71 63 164 128
Poolcue_2_Walk_10 = 228 60 17 16 71 64 164 128
Poolcue_2_Walk_2 = 122 56 11 4 72 75 164 128
Poolcue_2_Walk_3 = 168 67 6 15 73 75 164 128
Poolcue_2_Walk_4 = 190 205 4 25 73 75 164 128
Poolcue_2_Walk_5 = 249 134 3 30 74 74 164 128
Poolcue_2_Walk_6 = 185 205 4 29 73 74 164 128
Poolcue_2_Walk_7 = 179 216 4 21 73 75 164 128
Poolcue_2_Walk_8 = 168 56 8 10 72 75 164 128
Poolcue_2_Walk_9 = 232 17 14 9 71 70 164 128
Poolcue_3_Walk_0 = 126 0 52 32 74 50 164 128
Poolcue_3_Walk_1 = 115 61 52 21 74 60 164 128
Poolcue_3_Walk_10 = 179 0 52 20 73 61 164 128
Poolcue_3_Walk_2 = 177 33 51 7 73 73 164 128
Poolcue_3_Walk_3 = 107 111 48 12 72 76 164 128
Poolcue_3_Walk_4 = 0 171 45 21 70 77 164 128
Poolcue_3_Walk_5 = 46 179 42 26 69 76 164 128
Poolcue_3_Walk_6 = 47 153 43 25 69 76 164 128
Poolcue_3_Walk_7 = 0 128 46 16 70 77 164 128
Poolcue_3_Walk_8 = 111 105 49 5 72 77 164 128
Poolcue_3_Walk_9 = 115 83 51 14 73 67 164 128
Poolcue_4_Walk_0 = 167 83 50 31 30 45 164 128
Poolcue_4_Walk_1 = 0 103 53 24 27 52 164 128
Poolcue_4_Walk_10 = 124 33 52 22 28 53 164 128
Poolcue_4_Walk_2 = 57 93 53 15 27 61 164 128
Poolcue_4_Walk_3 = 111 98 51 6 29 71 164 128
Poolcue_4_Walk_4 = 63 55 58 5 34 75 164 128
Poolcue_4_Walk_5 = 63 44 58 10 37 75 164 128
Poolcue_4_Walk_6 = 0 63 57 8 37 75 164 128
Poolcue_4_Walk_7 = 0 59 58 3 33 75 164 128
Poolcue_4_Walk_8 = 179 21 51 10 29 66 164 128
Poolcue_4_Walk_9 = 54 109 52 18 28 57 164 128
Poolcue_6_Walk_0 = 177 41 50 38 84 44 164 128
Poolcue_6_Walk_1 = 0 72 56 30 82 52 164 128
Poolcue_6_Walk_10 = 58 63 56 29 82 53 164 128
Poolcue_6_Walk_2 = 64 0 61 18 80 63 164 128
Poolcue_6_Walk_3 = 0 9 63 6 77 75 164 128
Poolcue_6_Walk_4 = 0 0 63 8 73 78 164 128
Poolcue_6_Walk_5 = 0 21 62 13 70 78 164 128
Poolcue_6_Walk_6 = 0 35 62 11 71 78 164 128
Poolcue_6_Walk_7 = 0 16 63 4 74 78 164 128
Poolcue_6_Walk_8 = 0 47 62 11 78 70 164 128
Poolcue_6_Walk_9 = 64 19 59 24 80 58 164 128
Poolcue_7_Walk_0 = 156 213 22 23 53 40 164 128
Poolcue_7_Walk_1 = 89 183 38 31 54 46 164 128
Poolcue_7_Walk_10 = 177 115 37 31 55 47 164 128
Poolcue_7_Walk_2 = 174 147 35 23 57 55 164 128
Poolcue_7_Walk_3 = 128 197 33 15 60 64 164 128
Poolcue_7_Walk_4 = 210 147 32 9 63 72 164 128
Poolcue_7_Walk_5 = 0 239 31 5 65 76 164 128
Poolcue_7_Walk_6 = 210 157 31 6 65 75 164 128
Poolcue_7_Walk_7 = 215 134 32 11 63 69 164 128
Poolcue_7_Walk_8 = 218 80 34 19 59 60 164 128
Poolcue_7_Walk_9 = 86 215 36 27 56 51 164 128
Poolcue_8_Walk_0 = 228 164 20 39 75 39 164 128
Poolcue_8_Walk_1 = 228 204 16 34 78 45 164 128
Poolcue_8_Walk_10 = 156 111 6 12 88 67 164 128
Poolcue_8_Walk_2 = 247 17 5 12 88 67 164 128
Poolcue_8_Walk_3 = 243 146 5 11 88 69 164 128
Poolcue_8_Walk_4 = 163 115 4 7 88 75 164 128
Poolcue_8_Walk_5 = 246 73 4 6 88 77 164 128
Poolcue_8_Walk_6 = 168 115 4 7 88 76 164 128
Poolcue_8_Walk_7 = 179 205 5 10 88 71 164 128
Poolcue_8_Walk_8 = 162 197 5 12 88 68 164 128
Poolcue_8_Walk_9 = 246 60 6 12 88 67 164 128
Poolcue_9_Walk_0 = 201 171 26 40 90 41 164 128
Poolcue_9_Walk_1 = 168 171 32 33 88 48 164 128
Poolcue_9_Walk_10 = 218 100 33 33 88 48 164 128
Poolcue_9_Walk_2 = 135 143 38 24 86 57 164 128
Poolcue_9_Walk_3 = 93 128 43 14 83 67 164 128
Poolcue_9_Walk_4 = 47 138 45 7 79 76 164 128
Poolcue_9_Walk_5 = 0 167 46 3 77 80 164 128
Poolcue_9_Walk_6 = 0 162 46 4 77 79 164 128
Poolcue_9_Walk_7 = 47 128 45 9 80 73 164 128
Poolcue_9_Walk_8 = 93 143 41 19 84 63 164 128
Poolcue_9_Walk_9 = 131 168 36 28 86 53 164 128
