Shotgun_1_Run_0 = 223 42 6 37 66 36 164 128
Shotgun_1_Run_1 = 223 80 6 31 66 41 164 128
Shotgun_1_Run_10 = 199 132 11 24 59 50 164 128
Shotgun_1_Run_2 = 158 189 6 17 65 54 164 128
Shotgun_1_Run_3 = 38 63 2 5 67 62 164 128
Shotgun_1_Run_4 = 182 50 11 16 62 58 164 128
Shotgun_1_Run_5 = 127 183 14 22 60 57 164 128
Shotgun_1_Run_6 = 111 183 15 28 58 57 164 128
Shotgun_1_Run_7 = 182 115 16 31 54 60 164 128
Shotgun_1_Run_8 = 91 176 19 25 49 64 164 128
Shotgun_1_Run_9 = 45 201 17 9 52 64 164 128
Shotgun_2_Run_0 = 78 126 21 39 73 36 164 128
Shotgun_2_Run_1 = 177 81 27 33 72 41 164 128
Shotgun_2_Run_10 = 54 120 23 26 71 50 164 128
Shotgun_2_Run_2 = 80 75 35 20 70 53 164 128
Shotgun_2_Run_3 = 80 66 36 8 69 63 164 128
Shotgun_2_Run_4 = 147 81 29 15 69 60 164 128
Shotgun_2_Run_5 = 47 175 21 25 69 56 164 128
Shotgun_2_Run_6 = 163 115 18 30 68 57 164 128
Shotgun_2_Run_7 = 122 150 19 32 67 62 164 128
Shotgun_2_Run_8 = 100 126 21 27 68 66 164 128
Shotgun_2_Run_9 = 0 198 23 10 70 66 164 128
Shotgun_3_Run_0 = 28 130 24 40 82 35 164 128
Shotgun_3_Run_1 = 162 13 31 36 80 39 164 128
Shotgun_3_Run_10 = 88 16 37 29 79 48 164 128
Shotgun_3_Run_2 = 0 38 41 24 79 50 164 128
Shotgun_3_Run_3 = 0 0 45 11 77 61 164 128
Shotgun_3_Run_4 = 0 12 44 10 73 61 164 128
Shotgun_3_Run_5 = 43 23 39 21 71 57 164 128
Shotgun_3_Run_6 = 0 63 37 27 70 58 164 128
Shotgun_3_Run_7 = 0 91 37 27 73 64 164 128
Shotgun_3_Run_8 = 46 0 41 21 76 68 164 128
Shotgun_3_Run_9 = 0 23 42 14 78 63 164 128
Shotgun_4_Run_0 = 142 166 15 35 57 34 164 128
Shotgun_4_Run_1 = 24 171 22 28 52 39 164 128
Shotgun_4_Run_10 = 116 75 30 26 44 45 164 128
Shotgun_4_Run_2 = 147 97 27 17 45 50 164 128
Shotgun_4_Run_3 = 28 126 25 3 42 59 164 128
Shotgun_4_Run_4 = 78 117 23 8 44 60 164 128
Shotgun_4_Run_5 = 88 0 38 15 49 58 164 128
Shotgun_4_Run_6 = 142 152 17 13 50 65 164 128
Shotgun_4_Run_7 = 69 175 21 16 46 66 164 128
Shotgun_4_Run_8 = 0 150 25 13 39 66 164 128
Shotgun_4_Run_9 = 38 79 37 13 37 57 164 128
Shotgun_6_Run_0 = 179 147 13 40 93 33 164 128
Shotgun_6_Run_1 = 205 74 17 37 92 36 164 128
Shotgun_6_Run_10 = 194 42 28 31 91 44 164 128
Shotgun_6_Run_2 = 53 147 22 27 92 46 164 128
Shotgun_6_Run_3 = 0 126 27 16 90 55 164 128
Shotgun_6_Run_4 = 126 20 34 7 84 61 164 128
Shotgun_6_Run_5 = 38 93 37 13 79 58 164 128
Shotgun_6_Run_6 = 82 46 36 19 80 59 164 128
Shotgun_6_Run_7 = 127 0 34 19 86 64 164 128
Shotgun_6_Run_8 = 38 107 36 12 90 67 164 128
Shotgun_6_Run_9 = 76 96 35 20 91 56 164 128
Shotgun_7_Run_0 = 215 112 12 18 62 33 164 128
Shotgun_7_Run_1 = 163 146 15 17 58 36 164 128
Shotgun_7_Run_10 = 196 0 30 25 57 42 164 128
Shotgun_7_Run_2 = 42 58 37 20 50 46 164 128
Shotgun_7_Run_3 = 42 45 39 12 50 54 164 128
Shotgun_7_Run_4 = 0 119 37 6 55 58 164 128
Shotgun_7_Run_5 = 162 0 33 12 62 55 164 128
Shotgun_7_Run_6 = 119 57 31 16 64 56 164 128
Shotgun_7_Run_7 = 112 102 30 17 63 59 164 128
Shotgun_7_Run_8 = 119 46 32 10 58 62 164 128
Shotgun_7_Run_9 = 126 28 33 17 55 52 164 128
Shotgun_8_Run_0 = 143 115 19 36 72 32 164 128
Shotgun_8_Run_1 = 0 164 23 33 69 35 164 128
Shotgun_8_Run_10 = 122 120 20 29 73 41 164 128
Shotgun_8_Run_2 = 151 57 30 23 64 44 164 128
Shotgun_8_Run_3 = 194 26 30 15 65 52 164 128
Shotgun_8_Run_4 = 0 143 26 6 70 59 164 128
Shotgun_8_Run_5 = 24 200 20 10 76 56 164 128
Shotgun_8_Run_6 = 102 117 9 7 88 57 164 128
Shotgun_8_Run_7 = 152 46 9 8 88 60 164 128
Shotgun_8_Run_8 = 38 120 7 5 89 63 164 128
Shotgun_8_Run_9 = 100 154 20 21 74 50 164 128
Shotgun_9_Run_0 = 173 164 5 39 94 32 164 128
Shotgun_9_Run_1 = 193 147 5 36 94 35 164 128
Shotgun_9_Run_10 = 211 132 10 32 95 41 164 128
Shotgun_9_Run_2 = 165 189 5 20 95 50 164 128
Shotgun_9_Run_3 = 83 22 2 18 96 52 164 128
Shotgun_9_Run_4 = 182 67 10 8 92 59 164 128
Shotgun_9_Run_5 = 87 202 16 9 88 58 164 128
Shotgun_9_Run_6 = 69 192 17 14 89 59 164 128
Shotgun_9_Run_7 = 199 115 15 16 94 62 164 128
Shotgun_9_Run_8 = 76 166 16 8 96 65 164 128
Shotgun_9_Run_9 = 158 166 14 22 96 52 164 128
