Shovel_1_Walk_0 = 199 0 20 21 54 58 164 128
Shovel_1_Walk_1 = 87 150 25 15 51 63 164 128
Shovel_1_Walk_10 = 57 172 26 15 51 63 164 128
Shovel_1_Walk_2 = 152 88 30 11 48 68 164 128
Shovel_1_Walk_3 = 147 100 30 11 48 74 164 128
Shovel_1_Walk_4 = 58 158 27 13 51 77 164 128
Shovel_1_Walk_5 = 196 34 24 14 53 78 164 128
Shovel_1_Walk_6 = 115 128 25 14 53 77 164 128
Shovel_1_Walk_7 = 59 126 28 11 50 76 164 128
Shovel_1_Walk_8 = 115 99 31 11 48 71 164 128
Shovel_1_Walk_9 = 0 171 28 12 50 66 164 128
Shovel_2_Walk_0 = 171 116 15 20 71 60 164 128
Shovel_2_Walk_1 = 112 171 12 15 72 65 164 128
Shovel_2_Walk_10 = 125 171 11 14 72 66 164 128
Shovel_2_Walk_2 = 159 153 8 10 73 72 164 128
Shovel_2_Walk_3 = 205 116 6 13 73 75 164 128
Shovel_2_Walk_4 = 213 104 6 19 72 75 164 128
Shovel_2_Walk_5 = 198 116 6 22 72 74 164 128
Shovel_2_Walk_6 = 189 143 5 21 72 74 164 128
Shovel_2_Walk_7 = 168 149 6 17 72 74 164 128
Shovel_2_Walk_8 = 213 92 7 11 72 75 164 128
Shovel_2_Walk_9 = 171 137 10 11 72 69 164 128
Shovel_3_Walk_0 = 42 85 36 24 74 59 164 128
Shovel_3_Walk_1 = 90 12 37 17 73 64 164 128
Shovel_3_Walk_10 = 84 61 36 17 73 65 164 128
Shovel_3_Walk_2 = 91 0 36 10 73 71 164 128
Shovel_3_Walk_3 = 164 22 33 11 72 76 164 128
Shovel_3_Walk_4 = 120 81 31 17 70 76 164 128
Shovel_3_Walk_5 = 0 126 29 19 69 76 164 128
Shovel_3_Walk_6 = 155 69 30 18 69 76 164 128
Shovel_3_Walk_7 = 163 34 32 14 70 76 164 128
Shovel_3_Walk_8 = 128 16 35 9 71 75 164 128
Shovel_3_Walk_9 = 0 112 36 13 72 68 164 128
Shovel_4_Walk_0 = 128 26 34 23 45 53 164 128
Shovel_4_Walk_1 = 84 79 35 18 44 57 164 128
Shovel_4_Walk_10 = 79 98 35 17 45 58 164 128
Shovel_4_Walk_2 = 37 112 36 13 44 62 164 128
Shovel_4_Walk_3 = 164 0 34 10 46 68 164 128
Shovel_4_Walk_4 = 0 55 42 10 50 73 164 128
Shovel_4_Walk_5 = 45 49 42 11 53 75 164 128
Shovel_4_Walk_6 = 0 101 41 10 53 75 164 128
Shovel_4_Walk_7 = 0 66 42 10 49 71 164 128
Shovel_4_Walk_8 = 164 11 34 10 46 66 164 128
Shovel_4_Walk_9 = 128 0 35 15 45 60 164 128
Shovel_6_Walk_0 = 89 30 36 29 84 54 164 128
Shovel_6_Walk_1 = 43 61 40 23 82 59 164 128
Shovel_6_Walk_10 = 0 77 41 23 81 60 164 128
Shovel_6_Walk_2 = 46 12 43 16 80 66 164 128
Shovel_6_Walk_3 = 0 13 45 9 77 73 164 128
Shovel_6_Walk_4 = 0 23 45 9 73 78 164 128
Shovel_6_Walk_5 = 0 0 45 12 70 78 164 128
Shovel_6_Walk_6 = 46 0 44 11 71 78 164 128
Shovel_6_Walk_7 = 0 33 45 8 74 77 164 128
Shovel_6_Walk_8 = 0 42 44 12 78 70 164 128
Shovel_6_Walk_9 = 46 29 42 19 80 63 164 128
Shovel_7_Walk_0 = 186 65 29 26 63 49 164 128
Shovel_7_Walk_1 = 183 92 29 23 63 53 164 128
Shovel_7_Walk_10 = 0 146 28 24 64 54 164 128
Shovel_7_Walk_2 = 59 138 27 19 65 59 164 128
Shovel_7_Walk_3 = 193 49 25 14 68 65 164 128
Shovel_7_Walk_4 = 198 22 22 10 73 71 164 128
Shovel_7_Walk_5 = 84 177 24 9 72 74 164 128
Shovel_7_Walk_6 = 140 143 24 9 72 73 164 128
Shovel_7_Walk_7 = 86 166 25 10 70 70 164 128
Shovel_7_Walk_8 = 29 170 27 17 67 62 164 128
Shovel_7_Walk_9 = 30 126 28 22 65 57 164 128
Shovel_8_Walk_0 = 187 116 10 26 85 53 164 128
Shovel_8_Walk_1 = 182 143 6 11 88 68 164 128
Shovel_8_Walk_10 = 175 149 6 12 88 68 164 128
Shovel_8_Walk_2 = 182 155 5 12 88 68 164 128
Shovel_8_Walk_3 = 205 130 5 16 88 65 164 128
Shovel_8_Walk_4 = 79 85 4 11 88 71 164 128
Shovel_8_Walk_5 = 156 59 4 8 88 75 164 128
Shovel_8_Walk_6 = 108 116 5 9 88 74 164 128
Shovel_8_Walk_7 = 175 162 5 13 88 69 164 128
Shovel_8_Walk_8 = 166 167 5 16 88 65 164 128
Shovel_8_Walk_9 = 159 164 6 13 88 67 164 128
Shovel_9_Walk_0 = 140 153 18 31 91 51 164 128
Shovel_9_Walk_1 = 115 143 24 27 88 55 164 128
Shovel_9_Walk_10 = 146 112 24 26 88 56 164 128
Shovel_9_Walk_2 = 29 149 28 20 86 61 164 128
Shovel_9_Walk_3 = 161 50 31 14 83 68 164 128
Shovel_9_Walk_4 = 74 116 33 9 79 74 164 128
Shovel_9_Walk_5 = 126 50 34 8 76 78 164 128
Shovel_9_Walk_6 = 121 60 34 8 77 77 164 128
Shovel_9_Walk_7 = 121 69 33 11 80 72 164 128
Shovel_9_Walk_8 = 115 111 30 16 84 66 164 128
Shovel_9_Walk_9 = 88 126 26 23 87 59 164 128
