BloodFloor_0 = 253 506 48 21 9 101 64 128
BloodWalls_0 = 568 938 32 25 2 31 64 128
wall_lighting_01_0 = 0 0 64 128 0 0 64 128
Smoke_01_0_0 = 310 428 58 73 3 54 64 128
Smoke_01_1_0 = 318 304 59 72 2 54 64 128
Smoke_01_2_0 = 253 337 60 70 2 54 64 128
Smoke_01_3_0 = 126 384 61 73 2 53 64 128
Smoke_02_0_0 = 0 129 64 116 0 9 64 128
Smoke_02_1_0 = 130 115 63 120 0 8 64 128
Smoke_02_2_0 = 130 0 64 114 0 11 64 128
Smoke_02_3_0 = 65 125 64 114 0 10 64 128
TileFarmhouse_0 = 550 503 34 114 0 0 64 128
TileGasStation_0 = 433 619 34 114 28 0 64 128
TileObjects_0 = 195 0 63 59 0 69 64 128
BloodFloor_1 = 366 687 35 22 14 100 64 128
BloodWalls_1 = 955 110 32 18 1 51 64 128
TileFarmhouse_1 = 349 717 34 114 28 0 64 128
TileGasStation_1 = 511 554 34 114 28 0 64 128
TileObjects_1 = 946 250 50 59 0 69 64 128
BloodWalls_10 = 289 650 11 15 11 35 64 128
TileFarmhouse_10 = 778 863 25 86 29 25 64 128
TileGasStation_10 = 887 287 50 80 0 48 64 128
TileObjects_10 = 622 243 51 65 0 63 64 128
TileFarmhouse_100 = 795 601 34 50 0 64 64 128
TileObjects_100 = 250 408 59 62 3 62 64 128
TileFarmhouse_101 = 725 604 34 82 0 32 64 128
TileObjects_101 = 314 377 59 50 0 64 64 128
TileFarmhouse_102 = 585 503 34 114 0 0 64 128
TileObjects_102 = 826 738 30 53 22 69 64 128
TileFarmhouse_103 = 468 622 34 114 28 0 64 128
TileObjects_103 = 787 759 30 54 11 69 64 128
TileFarmhouse_104 = 828 488 34 82 28 32 64 128
TileObjects_104 = 188 451 59 58 0 66 64 128
TileFarmhouse_105 = 474 526 36 50 28 64 64 128
TileObjects_105 = 569 146 55 53 8 71 64 128
TileFarmhouse_106 = 651 719 34 58 28 56 64 128
TileObjects_106 = 512 137 56 61 6 63 64 128
TileFarmhouse_107 = 178 846 36 26 28 88 64 128
TileObjects_107 = 51 674 48 55 7 72 64 128
TileObjects_108 = 437 399 58 53 4 72 64 128
TileObjects_109 = 428 453 58 53 0 73 64 128
TileFarmhouse_11 = 886 762 25 86 8 25 64 128
TileGasStation_11 = 705 403 50 85 0 43 64 128
TileObjects_11 = 791 178 51 59 0 63 64 128
TileObjects_110 = 100 702 47 49 6 74 64 128
TileObjects_111 = 741 51 52 57 0 67 64 128
TileFarmhouse_112 = 63 452 61 59 1 63 64 128
TileObjects_112 = 687 45 53 57 9 67 64 128
TileFarmhouse_113 = 851 0 51 122 11 0 64 128
TileObjects_113 = 153 602 48 48 7 74 64 128
TileFarmhouse_114 = 562 311 51 65 11 63 64 128
TileObjects_114 = 139 818 38 38 12 84 64 128
TileFarmhouse_115 = 880 368 50 59 12 69 64 128
TileObjects_115 = 41 919 38 38 13 84 64 128
TileFarmhouse_116 = 655 570 32 32 2 82 64 128
TileObjects_116 = 818 792 28 30 18 89 64 128
TileFarmhouse_117 = 620 490 32 64 2 50 64 128
TileObjects_117 = 892 725 28 30 17 90 64 128
TileFarmhouse_118 = 830 601 32 96 2 18 64 128
TileObjects_118 = 289 667 38 35 12 87 64 128
TileFarmhouse_119 = 863 571 32 96 28 18 64 128
TileObjects_119 = 85 873 38 35 12 86 64 128
TileFarmhouse_12 = 512 52 57 84 0 37 64 128
TileGasStation_12 = 393 541 39 111 19 11 64 128
TileObjects_12 = 65 240 62 59 0 63 64 128
TileFarmhouse_120 = 760 684 32 64 28 50 64 128
TileObjects_120 = 198 666 43 36 1 81 64 128
TileFarmhouse_121 = 896 638 32 32 28 82 64 128
TileObjects_121 = 665 936 30 25 22 90 64 128
TileFarmhouse_122 = 524 848 34 58 0 56 64 128
TileObjects_122 = 148 703 43 39 19 79 64 128
TileObjects_123 = 813 854 24 25 17 91 64 128
TileObjects_124 = 562 260 52 50 5 72 64 128
TileObjects_125 = 680 163 52 50 4 72 64 128
TileObjects_126 = 403 653 29 47 14 70 64 128
TileObjects_127 = 783 814 29 47 19 70 64 128
TileFarmhouse_13 = 571 0 57 83 5 40 64 128
TileGasStation_13 = 235 708 39 109 9 17 64 128
TileObjects_13 = 846 123 51 59 11 63 64 128
TileFarmhouse_14 = 0 246 62 67 0 59 64 128
TileGasStation_14 = 434 507 39 111 6 11 64 128
TileObjects_14 = 497 368 51 65 11 63 64 128
TileGasStation_15 = 955 0 38 109 16 17 64 128
TileObjects_15 = 807 426 50 59 12 69 64 128
BloodFloor_16 = 148 743 43 17 9 100 64 128
BloodWalls_16 = 989 310 11 52 12 31 64 128
TileFarmhouse_16 = 257 825 34 114 0 0 64 128
TileGasStation_16 = 195 60 63 59 0 69 64 128
TileObjects_16 = 674 280 51 62 2 61 64 128
BloodFloor_17 = 474 507 38 18 8 106 64 128
TileFarmhouse_17 = 384 710 34 114 28 0 64 128
TileGasStation_17 = 938 310 50 59 0 69 64 128
TileObjects_17 = 903 66 51 62 9 61 64 128
TileFarmhouse_18 = 653 455 34 114 0 0 64 128
TileGasStation_18 = 739 152 51 65 0 63 64 128
TileObjects_18 = 102 512 50 56 12 72 64 128
TileFarmhouse_19 = 292 832 34 114 28 0 64 128
TileGasStation_19 = 601 377 51 59 0 63 64 128
TileObjects_19 = 0 619 50 56 0 72 64 128
BloodFloor_2 = 97 816 41 14 12 105 64 128
BloodWalls_2 = 696 928 28 16 3 38 64 128
TileFarmhouse_2 = 323 54 62 114 0 0 64 128
TileGasStation_2 = 327 832 34 114 0 0 64 128
TileObjects_2 = 680 214 51 65 0 63 64 128
TileFarmhouse_20 = 419 734 34 114 0 0 64 128
TileGasStation_20 = 0 314 62 59 0 63 64 128
TileObjects_20 = 756 401 50 84 8 38 64 128
TileFarmhouse_21 = 546 618 34 114 28 0 64 128
TileGasStation_21 = 548 443 51 59 11 63 64 128
TileObjects_21 = 829 341 50 84 4 38 64 128
TileFarmhouse_22 = 503 669 34 114 0 0 64 128
TileGasStation_22 = 903 0 51 65 11 63 64 128
TileObjects_22 = 345 571 40 41 11 81 64 128
TileFarmhouse_23 = 362 832 34 114 28 0 64 128
TileGasStation_23 = 931 370 50 59 12 69 64 128
TileObjects_23 = 97 831 40 41 10 81 64 128
BloodFloor_24 = 301 571 43 22 19 102 64 128
BloodWalls_24 = 696 945 26 21 8 21 64 128
TileFarmhouse_24 = 982 723 21 49 7 27 64 128
TileGasStation_24 = 502 907 32 46 2 38 64 128
TileObjects_24 = 725 921 24 30 19 87 64 128
BloodFloor_25 = 44 852 42 18 10 110 64 128
BloodWalls_25 = 717 897 29 23 2 31 64 128
TileFarmhouse_25 = 889 849 21 49 34 27 64 128
TileGasStation_25 = 535 907 32 46 2 38 64 128
TileObjects_25 = 65 0 64 124 0 0 64 128
BloodFloor_26 = 302 502 46 15 7 96 64 128
BloodWalls_26 = 971 830 18 23 16 34 64 128
TileFarmhouse_26 = 912 818 21 49 7 27 64 128
TileGasStation_26 = 933 517 32 46 2 38 64 128
TileObjects_26 = 450 0 61 78 0 48 64 128
BloodFloor_27 = 350 947 29 21 0 102 64 128
BloodWalls_27 = 807 401 21 19 2 39 64 128
TileFarmhouse_27 = 971 780 21 49 34 27 64 128
TileGasStation_27 = 686 764 32 46 2 38 64 128
TileObjects_27 = 966 536 32 43 2 21 64 128
TileFarmhouse_28 = 687 0 56 44 5 82 64 128
TileGasStation_28 = 968 489 32 46 28 38 64 128
TileObjects_28 = 719 785 32 43 28 22 64 128
TileFarmhouse_29 = 512 199 56 44 5 47 64 128
TileGasStation_29 = 568 891 32 46 28 38 64 128
TileObjects_29 = 512 0 58 51 2 37 64 128
BloodWalls_3 = 847 792 27 36 1 36 64 128
TileFarmhouse_3 = 995 580 6 100 28 0 64 128
TileGasStation_3 = 688 489 34 114 0 0 64 128
TileObjects_3 = 726 284 51 59 0 63 64 128
TileFarmhouse_30 = 570 84 56 61 5 65 64 128
TileGasStation_30 = 685 811 32 46 28 38 64 128
TileObjects_30 = 202 613 44 52 16 36 64 128
TileFarmhouse_31 = 629 57 56 61 6 30 64 128
TileGasStation_31 = 931 564 32 46 28 38 64 128
TileObjects_31 = 302 518 44 52 2 36 64 128
BloodFloor_32 = 63 958 21 7 8 109 64 128
BloodWalls_32 = 124 873 13 25 21 26 64 128
TileFarmhouse_32 = 581 618 34 114 0 0 64 128
TileGasStation_32 = 896 671 30 53 18 66 64 128
TileObjects_32 = 569 200 52 59 5 67 64 128
BloodFloor_33 = 123 911 13 10 20 102 64 128
BloodWalls_33 = 497 332 11 28 2 42 64 128
TileFarmhouse_33 = 454 737 34 114 28 0 64 128
TileGasStation_33 = 861 708 30 53 15 66 64 128
TileObjects_33 = 686 103 52 59 5 67 64 128
BloodFloor_34 = 41 958 21 9 29 108 64 128
BloodWalls_34 = 382 625 8 25 26 16 64 128
TileFarmhouse_34 = 258 120 62 114 0 0 64 128
TileGasStation_34 = 627 119 52 123 7 0 64 128
TileObjects_34 = 739 109 52 42 10 80 64 128
BloodFloor_35 = 85 959 16 9 27 113 64 128
BloodWalls_35 = 222 766 12 34 2 28 64 128
TileFarmhouse_35 = 993 773 6 100 28 0 64 128
TileGasStation_35 = 253 528 47 121 8 2 64 128
TileObjects_35 = 248 471 51 34 7 82 64 128
BloodFloor_36 = 600 490 18 11 23 107 64 128
TileFarmhouse_36 = 1000 773 4 98 2 16 64 128
TileGasStation_36 = 509 244 52 123 3 0 64 128
TileObjects_36 = 467 852 21 44 36 22 64 128
BloodFloor_37 = 397 825 18 11 19 103 64 128
TileFarmhouse_37 = 1001 126 3 98 31 2 64 128
TileGasStation_37 = 49 730 47 121 7 2 64 128
TileObjects_37 = 889 899 21 44 5 22 64 128
BloodFloor_38 = 620 555 20 12 16 108 64 128
TileFarmhouse_38 = 1001 225 3 98 28 2 64 128
TileGasStation_38 = 0 433 62 32 0 96 64 128
TileObjects_38 = 85 909 37 49 18 69 64 128
BloodFloor_39 = 397 837 17 11 24 103 64 128
TileFarmhouse_39 = 978 854 4 98 56 16 64 128
TileGasStation_39 = 193 256 62 32 0 96 64 128
TileObjects_39 = 328 667 37 49 10 69 64 128
BloodWalls_4 = 318 947 31 16 2 51 64 128
TileFarmhouse_4 = 723 489 34 114 0 0 64 128
TileGasStation_4 = 387 0 62 114 0 0 64 128
TileObjects_4 = 63 300 62 59 0 63 64 128
TileFarmhouse_40 = 961 867 6 98 28 2 64 128
TileGasStation_40 = 725 687 34 32 28 0 64 128
TileFarmhouse_41 = 828 916 21 49 7 27 64 128
TileGasStation_41 = 608 800 34 32 0 0 64 128
TileObjects_41 = 275 708 37 66 1 62 64 128
TileFarmhouse_42 = 911 868 21 49 34 27 64 128
TileGasStation_42 = 933 490 34 26 7 63 64 128
TileObjects_42 = 384 230 60 67 0 61 64 128
TileGasStation_43 = 151 651 46 51 16 69 64 128
TileObjects_43 = 323 0 63 53 1 73 64 128
TileGasStation_44 = 44 871 40 47 6 77 64 128
TileObjects_44 = 128 296 62 54 0 72 64 128
TileGasStation_45 = 175 923 34 44 2 26 64 128
TileGasStation_46 = 749 863 28 42 4 33 64 128
TileObjects_46 = 300 471 9 14 39 40 64 128
TileObjects_47 = 300 486 9 14 14 40 64 128
TileFarmhouse_48 = 620 570 34 114 0 0 64 128
TileObjects_48 = 0 374 62 58 0 70 64 128
TileFarmhouse_49 = 758 486 34 114 28 0 64 128
TileObjects_49 = 194 180 62 75 0 51 64 128
TileFarmhouse_5 = 397 849 34 114 28 0 64 128
TileGasStation_5 = 793 486 34 114 28 0 64 128
TileObjects_5 = 666 343 51 59 11 63 64 128
TileFarmhouse_50 = 538 733 34 114 0 0 64 128
TileObjects_50 = 321 169 62 75 0 51 64 128
TileFarmhouse_51 = 489 784 34 114 28 0 64 128
TileObjects_51 = 63 360 62 58 0 70 64 128
TileFarmhouse_52 = 313 717 35 114 0 0 64 128
TileObjects_52 = 449 115 62 102 0 19 64 128
TileFarmhouse_53 = 215 863 34 102 0 0 64 128
TileGasStation_53 = 927 688 28 42 30 33 64 128
TileObjects_53 = 204 510 48 102 14 19 64 128
TileFarmhouse_54 = 138 857 36 102 28 0 64 128
TileGasStation_54 = 686 719 34 44 26 26 64 128
TileObjects_54 = 778 298 50 102 0 19 64 128
TileFarmhouse_55 = 651 778 33 113 29 1 64 128
TileObjects_55 = 438 332 58 66 1 61 64 128
TileGasStation_56 = 994 0 10 103 25 13 64 128
TileObjects_56 = 369 440 58 56 1 58 64 128
TileFarmhouse_57 = 378 367 58 72 5 50 64 128
TileObjects_57 = 250 940 34 29 5 59 64 128
TileFarmhouse_58 = 275 775 35 49 0 65 64 128
TileObjects_58 = 828 571 34 29 20 63 64 128
TileFarmhouse_59 = 175 873 35 49 27 65 64 128
TileFarmhouse_6 = 386 115 62 114 0 0 64 128
TileGasStation_6 = 655 604 34 114 0 0 64 128
TileObjects_6 = 614 311 51 65 11 63 64 128
TileFarmhouse_60 = 125 458 60 48 3 58 64 128
TileGasStation_60 = 841 829 23 86 6 26 64 128
TileObjects_60 = 794 56 51 121 1 1 64 128
TileFarmhouse_61 = 487 453 8 42 27 58 64 128
TileGasStation_61 = 804 880 23 86 33 26 64 128
TileObjects_61 = 950 129 50 120 11 2 64 128
TileFarmhouse_62 = 828 698 32 39 2 65 64 128
TileGasStation_62 = 956 693 25 86 29 26 64 128
TileObjects_62 = 836 243 50 97 1 25 64 128
TileFarmhouse_63 = 863 668 32 39 27 65 64 128
TileGasStation_63 = 921 731 25 86 8 26 64 128
TileObjects_63 = 895 189 50 97 11 25 64 128
TileFarmhouse_64 = 798 0 52 55 6 68 64 128
TileObjects_64 = 0 466 62 32 0 96 64 128
TileFarmhouse_65 = 51 628 49 45 3 74 64 128
TileObjects_65 = 126 351 62 32 0 96 64 128
TileFarmhouse_66 = 0 676 49 46 11 74 64 128
TileObjects_66 = 474 577 35 44 23 23 64 128
TileFarmhouse_67 = 51 572 50 55 7 68 64 128
TileObjects_67 = 221 818 35 44 4 23 64 128
TileFarmhouse_68 = 744 0 53 50 7 73 64 128
TileObjects_68 = 343 613 38 46 19 66 64 128
TileFarmhouse_69 = 793 717 32 41 21 77 64 128
TileObjects_69 = 183 766 38 46 5 66 64 128
TileFarmhouse_7 = 954 867 6 100 28 0 64 128
TileGasStation_7 = 971 854 6 100 28 0 64 128
TileObjects_7 = 858 428 50 59 12 69 64 128
TileFarmhouse_70 = 559 848 34 42 9 76 64 128
TileObjects_70 = 259 0 63 59 0 69 64 128
TileFarmhouse_71 = 718 344 51 49 4 73 64 128
TileObjects_71 = 909 430 50 59 0 69 64 128
TileFarmhouse_72 = 898 490 34 50 0 64 64 128
TileObjects_72 = 496 434 51 65 0 63 64 128
TileFarmhouse_73 = 863 488 34 82 0 32 64 128
TileObjects_73 = 843 183 51 59 0 63 64 128
TileFarmhouse_74 = 690 604 34 114 0 0 64 128
TileObjects_74 = 130 236 62 59 0 63 64 128
TileFarmhouse_75 = 616 685 34 114 28 0 64 128
TileObjects_75 = 784 238 51 59 11 63 64 128
TileFarmhouse_76 = 760 601 34 82 28 32 64 128
TileObjects_76 = 549 377 51 65 11 63 64 128
TileFarmhouse_77 = 513 503 36 50 28 64 64 128
TileObjects_77 = 0 499 50 59 12 69 64 128
TileFarmhouse_78 = 467 899 34 58 28 56 64 128
TileObjects_78 = 102 618 48 83 2 38 64 128
TileFarmhouse_79 = 366 660 36 26 28 88 64 128
TileObjects_79 = 0 723 48 83 13 38 64 128
BloodFloor_8 = 285 947 32 19 23 105 64 128
BloodWalls_8 = 982 370 22 30 7 13 64 128
TileFarmhouse_8 = 865 849 23 86 6 25 64 128
TileGasStation_8 = 573 733 34 114 0 0 64 128
TileObjects_8 = 194 120 63 59 0 69 64 128
TileFarmhouse_80 = 653 403 51 51 5 73 64 128
TileObjects_80 = 193 289 62 32 0 96 64 128
TileFarmhouse_81 = 601 437 51 52 7 72 64 128
TileObjects_81 = 63 419 62 32 0 96 64 128
TileFarmhouse_82 = 153 510 50 48 5 75 64 128
TileObjects_82 = 256 268 61 68 1 57 64 128
TileFarmhouse_83 = 102 569 50 48 8 76 64 128
TileObjects_83 = 191 322 61 69 0 57 64 128
TileObjects_84 = 192 703 42 62 2 63 64 128
TileObjects_85 = 0 848 43 65 2 62 64 128
TileObjects_86 = 97 752 43 63 0 56 64 128
TileObjects_87 = 349 502 43 65 2 62 64 128
TileFarmhouse_88 = 601 930 32 32 2 82 64 128
TileObjects_88 = 393 507 40 33 17 89 64 128
TileFarmhouse_89 = 721 720 32 64 2 50 64 128
TileObjects_89 = 0 807 46 40 0 82 64 128
BloodFloor_9 = 301 594 43 16 8 100 64 128
BloodWalls_9 = 813 823 27 30 1 23 64 128
TileFarmhouse_9 = 947 780 23 86 33 25 64 128
TileGasStation_9 = 432 852 34 114 28 0 64 128
TileObjects_9 = 0 559 50 59 0 69 64 128
TileFarmhouse_90 = 898 541 32 96 2 18 64 128
TileObjects_90 = 153 559 49 42 13 79 64 128
TileFarmhouse_91 = 608 833 32 96 28 18 64 128
TileObjects_91 = 183 813 37 32 5 88 64 128
TileFarmhouse_92 = 795 652 32 64 28 50 64 128
TileObjects_92 = 629 0 57 56 1 70 64 128
TileFarmhouse_93 = 931 611 32 32 28 82 64 128
TileObjects_93 = 449 218 59 62 2 64 64 128
TileFarmhouse_94 = 960 430 34 58 0 56 64 128
TileObjects_94 = 320 245 61 58 1 67 64 128
TileObjects_95 = 188 392 61 58 0 68 64 128
TileFarmhouse_96 = 259 60 63 59 0 69 64 128
TileObjects_96 = 450 79 61 32 1 96 64 128
TileFarmhouse_97 = 51 512 50 59 0 69 64 128
TileObjects_97 = 257 235 62 32 0 96 64 128
TileFarmhouse_98 = 732 218 51 65 0 63 64 128
TileObjects_98 = 445 281 59 50 4 65 64 128
TileFarmhouse_99 = 898 129 51 59 0 63 64 128
TileObjects_99 = 378 304 59 62 0 62 64 128
Eyeball_00_0 = 406 298 4 4 2 2 9 9
Giblet_00_0 = 147 507 5 4 1 2 9 9
Giblet_00_1 = 399 298 6 4 2 2 9 9
Giblet_00_2 = 392 298 6 5 1 2 9 9
Giblet_01_0 = 222 801 12 9 0 1 12 12
Giblet_01_1 = 51 499 11 11 1 1 12 12
Giblet_01_2 = 382 613 10 11 1 0 12 12
Blood_00_0 = 549 368 9 8 5 6 20 20
Blood_00_1 = 124 899 13 11 3 4 20 20
Blood_00_2 = 988 110 15 15 2 3 20 20
Blood_00_3 = 688 455 15 15 2 3 20 20
Blood_01_0 = 688 471 15 15 9 9 32 32
Blood_01_1 = 750 906 24 23 4 5 32 32
Blood_01_2 = 857 762 28 27 2 4 32 32
Blood_01_3 = 634 936 30 28 2 4 32 32
Fire_00_0 = 982 401 22 27 2 3 25 30
Fire_00_1 = 933 868 20 28 2 2 25 30
Fire_00_2 = 982 693 22 29 2 1 25 30
Fire_00_3 = 750 930 22 27 2 2 25 30
Fire_01_0 = 641 892 31 43 1 0 36 43
Fire_01_1 = 960 649 29 43 3 0 36 43
Fire_01_2 = 929 644 30 43 2 0 36 43
Fire_01_3 = 754 749 32 42 1 1 36 43
Fire_02_0 = 141 761 41 56 1 5 43 61
Fire_02_1 = 247 650 41 57 1 4 43 61
Fire_02_2 = 301 611 41 55 0 6 43 61
Fire_02_3 = 0 914 40 55 0 6 43 61
Rain_00_0 = 139 507 7 4 4 3 16 8
Rain_00_1 = 382 298 9 5 3 2 16 8
Rain_00_2 = 497 361 11 6 2 1 16 8
Rain_00_3 = 125 507 13 4 1 1 16 8
Raindrop = 625 146 1 63 0 1 1 64
Raindrop_00_0 = 792 109 1 63 0 1 1 64
Smoke_00_0 = 718 829 30 67 2 60 32 128
Smoke_00_1 = 964 580 30 68 2 59 32 128
Smoke_00_2 = 685 858 31 69 1 58 32 128
Smoke_00_3 = 752 792 30 70 2 57 32 128
