TileWalls_0 = 189 345 34 114 0 0 64 128
TileWalls3_0 = 315 230 34 114 0 0 64 128
TileWalls4_0 = 252 305 34 114 0 0 64 128
white_0 = 0 0 64 128 0 0 64 128
TileWalls_1 = 350 230 34 114 28 0 64 128
TileWalls3_1 = 385 230 34 114 28 0 64 128
TileWalls4_1 = 420 230 34 114 28 0 64 128
white_1 = 65 0 64 128 0 0 64 128
TileBarricade_10 = 62 819 30 31 3 39 64 128
TileWalls_10 = 287 345 34 114 0 0 64 128
TileWalls3_10 = 322 345 34 114 0 0 64 128
TileWalls4_10 = 455 230 34 114 0 0 64 128
TileBarricade_11 = 93 819 30 31 28 39 64 128
TileWalls_11 = 357 345 34 114 28 0 64 128
TileWalls3_11 = 392 345 34 114 28 0 64 128
TileWalls4_11 = 427 345 34 114 28 0 64 128
TileBarricade_12 = 0 819 30 41 3 39 64 128
TileWalls_12 = 462 345 34 114 0 0 64 128
TileWalls3_12 = 508 0 34 114 0 0 64 128
TileWalls4_12 = 543 0 34 114 0 0 64 128
TileBarricade_13 = 31 819 30 41 28 39 64 128
TileWalls_13 = 578 0 34 114 28 0 64 128
TileWalls3_13 = 613 0 34 114 28 0 64 128
TileWalls4_13 = 508 115 34 114 28 0 64 128
TileBarricade_14 = 858 0 31 50 2 30 64 128
TileWalls_14 = 648 0 34 114 0 0 64 128
TileWalls3_14 = 543 115 34 114 0 0 64 128
TileWalls4_14 = 683 0 34 114 0 0 64 128
TileBarricade_15 = 858 51 30 51 28 29 64 128
TileWalls_15 = 578 115 34 114 28 0 64 128
TileWalls3_15 = 718 0 34 114 28 0 64 128
TileWalls4_15 = 490 230 34 114 28 0 64 128
TileWalls_16 = 613 115 34 114 0 0 64 128
TileWalls3_16 = 753 0 34 114 0 0 64 128
TileWalls4_16 = 525 230 34 114 0 0 64 128
TileWalls_17 = 648 115 34 114 28 0 64 128
TileWalls3_17 = 788 0 34 114 28 0 64 128
TileWalls4_17 = 560 230 34 114 28 0 64 128
TileWalls_18 = 0 129 62 114 0 0 64 128
TileWalls3_18 = 130 0 62 114 0 0 64 128
TileWalls4_18 = 63 129 62 114 0 0 64 128
TileWalls_19 = 858 126 6 100 28 0 64 128
TileWalls3_19 = 865 126 6 100 28 0 64 128
TileWalls4_19 = 872 126 6 100 28 0 64 128
TileWalls_2 = 193 0 62 114 0 0 64 128
TileWalls3_2 = 130 115 62 114 0 0 64 128
TileWalls4_2 = 193 115 62 114 0 0 64 128
TileWalls_20 = 683 115 34 114 0 0 64 128
TileWalls3_20 = 823 0 34 114 0 0 64 128
TileWalls4_20 = 595 230 34 114 0 0 64 128
TileWalls_21 = 718 115 34 114 28 0 64 128
TileWalls3_21 = 497 345 34 114 28 0 64 128
TileWalls4_21 = 630 230 34 114 28 0 64 128
TileWalls_22 = 256 0 62 114 0 0 64 128
TileWalls3_22 = 319 0 62 114 0 0 64 128
TileWalls4_22 = 256 115 62 114 0 0 64 128
TileWalls_23 = 879 126 6 100 28 0 64 128
TileWalls3_23 = 875 227 6 100 28 0 64 128
TileWalls4_23 = 882 227 6 100 28 0 64 128
TileWalls_24 = 753 115 34 114 0 0 64 128
TileWalls3_24 = 532 345 34 114 0 0 64 128
TileWalls4_24 = 665 230 34 114 0 0 64 128
TileWalls_25 = 788 115 34 114 28 0 64 128
TileWalls3_25 = 567 345 34 114 28 0 64 128
TileWalls4_25 = 700 230 34 114 28 0 64 128
TileWalls_26 = 823 115 34 114 0 0 64 128
TileWalls3_26 = 602 345 34 114 0 0 64 128
TileWalls4_26 = 735 230 34 114 0 0 64 128
TileWalls_27 = 637 345 34 114 28 0 64 128
TileWalls3_27 = 770 230 34 114 28 0 64 128
TileWalls4_27 = 672 345 34 114 28 0 64 128
TileWalls_28 = 805 230 34 114 0 0 64 128
TileWalls3_28 = 707 345 34 114 0 0 64 128
TileWalls4_28 = 840 230 34 114 0 0 64 128
TileWalls_29 = 742 345 34 114 28 0 64 128
TileWalls3_29 = 777 345 34 114 28 0 64 128
TileWalls4_29 = 812 345 34 114 28 0 64 128
TileWalls_3 = 882 328 6 100 28 0 64 128
TileWalls3_3 = 882 429 6 100 28 0 64 128
TileWalls4_3 = 875 460 6 100 28 0 64 128
TileWalls_30 = 847 345 34 114 0 0 64 128
TileWalls3_30 = 0 474 34 114 0 0 64 128
TileWalls4_30 = 35 474 34 114 0 0 64 128
TileWalls_31 = 70 474 34 114 28 0 64 128
TileWalls3_31 = 105 474 34 114 28 0 64 128
TileWalls4_31 = 0 589 34 114 28 0 64 128
TileWalls_32 = 245 765 34 74 0 40 64 128
TileWalls4_32 = 140 460 34 114 0 0 64 128
TileWalls_33 = 805 690 34 74 28 40 64 128
TileWalls4_33 = 35 589 34 114 28 0 64 128
TileWalls_34 = 252 230 62 74 0 40 64 128
TileWalls4_34 = 382 0 62 114 0 0 64 128
TileWalls_35 = 237 385 6 60 28 40 64 128
TileWalls4_35 = 882 530 6 100 28 0 64 128
TileWalls_36 = 175 460 34 114 0 0 64 128
TileWalls3_36 = 70 589 34 114 0 0 64 128
TileWalls4_36 = 210 460 34 114 0 0 64 128
TileWalls_37 = 245 420 34 114 28 0 64 128
TileWalls3_37 = 105 589 34 114 28 0 64 128
TileWalls4_37 = 0 704 34 114 28 0 64 128
TileWalls_38 = 319 115 62 114 0 0 64 128
TileWalls3_38 = 445 0 62 114 0 0 64 128
TileWalls4_38 = 382 115 62 114 0 0 64 128
TileWalls_39 = 875 561 6 100 28 0 64 128
TileWalls3_39 = 882 631 6 100 28 0 64 128
TileWalls4_39 = 840 690 6 100 28 0 64 128
TileWalls_4 = 140 575 34 114 0 0 64 128
TileWalls3_4 = 35 704 34 114 0 0 64 128
TileWalls4_4 = 280 460 34 114 0 0 64 128
TileWalls4_40 = 175 575 34 114 0 0 64 128
TileWalls4_41 = 70 704 34 114 28 0 64 128
TileWalls3_42 = 315 460 34 114 0 0 64 128
TileWalls4_42 = 245 535 34 114 0 0 64 128
TileWalls3_43 = 210 575 34 114 28 0 64 128
TileWalls4_43 = 105 704 34 114 28 0 64 128
TileWalls_44 = 350 460 34 114 0 0 64 128
TileWalls3_44 = 140 690 34 114 0 0 64 128
TileWalls4_44 = 385 460 34 114 0 0 64 128
TileWalls_45 = 280 575 34 114 28 0 64 128
TileWalls3_45 = 175 690 34 114 28 0 64 128
TileWalls4_45 = 420 460 34 114 28 0 64 128
TileWalls_46 = 315 575 34 114 0 0 64 128
TileWalls3_46 = 245 650 34 114 0 0 64 128
TileWalls4_46 = 210 690 34 114 0 0 64 128
TileWalls_47 = 455 460 34 114 28 0 64 128
TileWalls3_47 = 350 575 34 114 28 0 64 128
TileWalls4_47 = 490 460 34 114 28 0 64 128
TileWalls_48 = 385 575 34 114 0 0 64 128
TileWalls4_48 = 280 690 34 114 0 0 64 128
TileWalls_49 = 525 460 34 114 28 0 64 128
TileWalls4_49 = 420 575 34 114 28 0 64 128
TileWalls_5 = 315 690 34 114 28 0 64 128
TileWalls3_5 = 560 460 34 114 28 0 64 128
TileWalls4_5 = 455 575 34 114 28 0 64 128
TileWalls_50 = 445 115 62 114 0 0 64 128
TileWalls4_50 = 0 244 62 114 0 0 64 128
TileWalls_51 = 847 690 6 100 28 0 64 128
TileWalls4_51 = 875 662 6 100 28 0 64 128
TileWalls_52 = 350 690 34 114 0 0 64 128
TileWalls3_52 = 595 460 34 114 0 0 64 128
TileWalls4_52 = 490 575 34 114 0 0 64 128
TileWalls_53 = 385 690 34 114 28 0 64 128
TileWalls3_53 = 630 460 34 114 28 0 64 128
TileWalls4_53 = 525 575 34 114 28 0 64 128
TileWalls_54 = 63 244 62 114 0 0 64 128
TileWalls3_54 = 0 359 62 114 0 0 64 128
TileWalls4_54 = 126 230 62 114 0 0 64 128
TileWalls_55 = 854 690 6 100 28 0 64 128
TileWalls3_55 = 861 690 6 100 28 0 64 128
TileWalls4_55 = 868 690 6 100 28 0 64 128
TileWalls_56 = 420 690 34 114 0 0 64 128
TileWalls4_56 = 665 460 34 114 0 0 64 128
TileWalls_57 = 560 575 34 114 28 0 64 128
TileWalls4_57 = 455 690 34 114 28 0 64 128
TileWalls_58 = 700 460 34 114 0 0 64 128
TileWalls4_58 = 595 575 34 114 0 0 64 128
TileWalls_59 = 490 690 34 114 28 0 64 128
TileWalls4_59 = 735 460 34 114 28 0 64 128
TileWalls_6 = 189 230 62 114 0 0 64 128
TileWalls3_6 = 63 359 62 114 0 0 64 128
TileWalls4_6 = 126 345 62 114 0 0 64 128
TileWalls_60 = 630 575 34 114 0 0 64 128
TileWalls3_60 = 525 690 34 114 0 0 64 128
TileWalls4_60 = 770 460 34 114 0 0 64 128
TileWalls_61 = 665 575 34 114 28 0 64 128
TileWalls3_61 = 560 690 34 114 28 0 64 128
TileWalls4_61 = 805 460 34 114 28 0 64 128
TileWalls_62 = 700 575 34 114 0 0 64 128
TileWalls3_62 = 595 690 34 114 0 0 64 128
TileWalls4_62 = 840 460 34 114 0 0 64 128
TileWalls_63 = 735 575 34 114 28 0 64 128
TileWalls3_63 = 630 690 34 114 28 0 64 128
TileWalls4_63 = 770 575 34 114 28 0 64 128
TileWalls_7 = 805 765 6 100 28 0 64 128
TileWalls3_7 = 812 765 6 100 28 0 64 128
TileWalls4_7 = 819 765 6 100 28 0 64 128
TileBarricade_8 = 858 103 29 22 4 48 64 128
TileWalls_8 = 665 690 34 114 0 0 64 128
TileWalls3_8 = 805 575 34 114 0 0 64 128
TileWalls4_8 = 700 690 34 114 0 0 64 128
TileBarricade_9 = 155 805 29 22 28 48 64 128
TileWalls_9 = 840 575 34 114 28 0 64 128
TileWalls3_9 = 735 690 34 114 28 0 64 128
TileWalls4_9 = 770 690 34 114 28 0 64 128
Eyeball_00_0 = 310 317 4 4 2 2 9 9
Giblet_00_0 = 303 323 5 4 1 2 9 9
Giblet_00_1 = 287 337 6 4 2 2 9 9
Giblet_00_2 = 303 317 6 5 1 2 9 9
Giblet_01_0 = 224 385 12 9 0 1 12 12
Giblet_01_1 = 303 305 11 11 1 1 12 12
Giblet_01_2 = 240 369 10 11 1 0 12 12
Blood_00_0 = 224 395 9 8 5 6 20 20
Blood_00_1 = 126 460 13 11 3 4 20 20
Blood_00_2 = 287 305 15 15 2 3 20 20
Blood_00_3 = 224 369 15 15 2 3 20 20
Blood_01_0 = 287 321 15 15 9 9 32 32
Blood_01_1 = 224 345 24 23 4 5 32 32
Blood_01_2 = 155 828 28 27 2 4 32 32
Blood_01_3 = 124 819 30 28 2 4 32 32
