Smoke_01_0_0 = 512 185 58 73 3 54 64 128
Smoke_01_1_0 = 512 112 59 72 2 54 64 128
Smoke_01_2_0 = 381 386 60 70 2 54 64 128
Smoke_01_3_0 = 319 375 61 73 2 53 64 128
Smoke_02_0_0 = 130 0 64 116 0 9 64 128
Smoke_02_1_0 = 195 97 63 120 0 8 64 128
Smoke_02_2_0 = 65 129 64 114 0 11 64 128
Smoke_02_3_0 = 130 117 64 114 0 10 64 128
TileBank_0 = 813 330 34 114 0 0 64 128
TileBar_0 = 800 117 50 70 0 58 64 128
TileObjects3_0 = 788 547 31 86 1 26 64 128
TileTrees_0 = 752 0 55 111 1 13 64 128
TileWalls_0 = 885 257 34 114 0 0 64 128
TileWallsBurnt_0 = 849 307 34 114 0 0 64 128
white_0 = 0 0 64 128 0 0 64 128
TileBank_1 = 927 208 34 114 28 0 64 128
TileBar_1 = 191 417 62 70 0 58 64 128
TileObjects3_1 = 622 873 30 86 32 36 64 128
TileTrees_1 = 260 65 62 128 0 0 64 128
TileWalls_1 = 962 208 34 114 28 0 64 128
TileWallsBurnt_1 = 920 323 34 114 28 0 64 128
white_1 = 65 0 64 128 0 0 64 128
TileBank_10 = 884 372 34 114 0 0 64 128
TileBar_10 = 258 297 62 71 0 56 64 128
TileObjects3_10 = 487 863 31 86 29 26 64 128
TileWalls_10 = 955 323 34 114 0 0 64 128
TileWallsBurnt_10 = 0 509 34 114 0 0 64 128
TileBank_11 = 35 509 34 114 28 0 64 128
TileBar_11 = 662 401 36 70 25 58 64 128
TileObjects3_11 = 916 584 30 86 0 36 64 128
TileTrees_11 = 630 149 53 59 0 69 64 128
TileWalls_11 = 70 509 34 114 28 0 64 128
TileWallsBurnt_11 = 105 509 34 114 28 0 64 128
TileBank_12 = 0 624 34 114 0 0 64 128
TileBar_12 = 128 347 62 85 0 42 64 128
TileObjects3_12 = 719 633 31 86 1 25 64 128
TileTrees_12 = 808 0 53 45 0 70 64 128
TileWalls_12 = 140 505 34 114 0 0 64 128
TileWallsBurnt_12 = 35 624 34 114 0 0 64 128
TileBank_13 = 70 624 34 114 28 0 64 128
TileBar_13 = 571 185 54 82 7 46 64 128
TileObjects3_13 = 729 751 30 86 32 37 64 128
TileTrees_13 = 964 42 37 28 12 96 64 128
TileWalls_13 = 175 508 34 114 28 0 64 128
TileWallsBurnt_13 = 210 508 34 114 28 0 64 128
TileBank_14 = 105 624 34 114 0 0 64 128
TileBar_14 = 572 0 59 82 1 46 64 128
TileObjects3_14 = 919 438 31 86 30 25 64 128
TileTrees_14 = 964 71 37 19 16 103 64 128
TileWalls_14 = 0 739 34 114 0 0 64 128
TileWallsBurnt_14 = 140 620 34 114 0 0 64 128
TileBank_15 = 245 509 34 114 28 0 64 128
TileBar_15 = 193 333 62 83 0 44 64 128
TileObjects3_15 = 948 556 30 86 0 36 64 128
TileTrees_15 = 546 449 46 40 9 81 64 128
TileWalls_15 = 35 739 34 114 28 0 64 128
TileWallsBurnt_15 = 280 509 34 114 28 0 64 128
TileBank_16 = 420 846 33 41 29 22 64 128
TileBar_16 = 175 623 34 114 28 0 64 128
TileObjects3_16 = 881 487 31 58 2 28 64 128
TileTrees_16 = 512 0 59 111 0 2 64 128
TileWalls_16 = 70 739 34 114 0 0 64 128
TileWallsBurnt_16 = 385 916 32 55 0 58 64 128
TileBank_17 = 420 888 32 42 30 22 64 128
TileBar_17 = 315 510 34 114 0 0 64 128
TileObjects3_17 = 751 633 31 58 32 35 64 128
TileTrees_17 = 748 908 25 54 18 63 64 128
TileWalls_17 = 210 623 34 114 28 0 64 128
TileWallsBurnt_17 = 525 779 32 55 30 58 64 128
TileBank_18 = 804 504 32 42 30 22 64 128
TileBar_18 = 325 0 62 114 0 0 64 128
TileObjects3_18 = 558 828 31 58 28 25 64 128
TileTrees_18 = 254 469 51 39 13 80 64 128
TileWalls_18 = 388 0 62 114 0 0 64 128
TileWallsBurnt_18 = 448 230 62 55 0 58 64 128
TileBank_19 = 454 854 32 42 30 22 64 128
TileBar_19 = 105 739 34 114 0 0 64 128
TileObjects3_19 = 951 438 31 58 0 36 64 128
TileTrees_19 = 63 474 62 34 0 94 64 128
TileWalls_19 = 995 91 6 100 28 0 64 128
TileBank_2 = 323 115 62 114 0 0 64 128
TileBar_2 = 808 46 52 70 10 58 64 128
TileObjects3_2 = 632 727 31 86 29 26 64 128
TileTrees_2 = 684 149 52 88 4 31 64 128
TileWalls_2 = 386 115 62 114 0 0 64 128
TileWallsBurnt_2 = 449 115 62 114 0 0 64 128
TileBank_20 = 721 596 32 36 30 28 64 128
TileBar_20 = 0 854 34 114 28 0 64 128
TileObjects3_20 = 884 605 31 50 0 25 64 128
TileTrees_20 = 692 0 59 42 2 80 64 128
TileWalls_20 = 245 624 34 114 0 0 64 128
TileBank_21 = 490 820 32 42 30 22 64 128
TileBar_21 = 140 735 34 114 0 0 64 128
TileObjects3_21 = 947 643 30 32 33 37 64 128
TileTrees_21 = 849 193 41 54 13 70 64 128
TileWalls_21 = 350 512 34 114 28 0 64 128
TileBank_22 = 979 594 21 34 30 30 64 128
TileBar_22 = 35 854 34 114 28 0 64 128
TileObjects3_22 = 418 931 31 32 30 26 64 128
TileTrees_22 = 572 134 57 49 2 75 64 128
TileWalls_22 = 0 250 62 114 0 0 64 128
TileBar_23 = 997 192 6 100 28 0 64 128
TileObjects3_23 = 653 938 30 32 0 36 64 128
TileTrees_23 = 424 476 45 24 10 97 64 128
TileWalls_23 = 839 445 6 100 28 0 64 128
TileBank_24 = 877 802 23 86 6 26 64 128
TileBar_24 = 385 301 62 32 0 96 64 128
TileObjects3_24 = 593 791 31 58 1 26 64 128
TileTrees_24 = 511 259 53 83 3 41 64 128
TileWalls_24 = 385 512 34 114 0 0 64 128
TileWallsBurnt_24 = 990 323 13 96 51 0 64 128
TileBank_25 = 908 773 23 86 34 26 64 128
TileBar_25 = 979 556 24 37 18 83 64 128
TileObjects3_25 = 852 546 31 58 32 35 64 128
TileTrees_25 = 679 238 50 82 6 42 64 128
TileWalls_25 = 280 624 34 114 28 0 64 128
TileWallsBurnt_25 = 932 821 21 94 0 13 64 128
TileBank_26 = 978 643 25 86 30 26 64 128
TileBar_26 = 635 438 22 22 22 49 64 128
TileObjects3_26 = 849 248 35 58 29 25 64 128
TileTrees_26 = 669 321 48 79 6 38 64 128
TileWalls_26 = 175 738 34 114 0 0 64 128
TileBank_27 = 851 790 25 86 9 26 64 128
TileBar_27 = 572 83 59 50 4 63 64 128
TileObjects3_27 = 688 906 29 57 0 36 64 128
TileTrees_27 = 737 215 49 81 6 43 64 128
TileWalls_27 = 70 854 34 114 28 0 64 128
TileBank_28 = 964 734 23 86 6 26 64 128
TileBar_28 = 632 0 59 62 0 60 64 128
TileObjects3_28 = 783 634 31 58 1 25 64 128
TileTrees_28 = 451 0 60 114 1 1 64 128
TileWalls_28 = 424 501 34 114 0 0 64 128
TileBank_29 = 847 877 23 86 33 26 64 128
TileBar_29 = 862 0 50 102 12 19 64 128
TileObjects3_29 = 884 546 31 58 33 37 64 128
TileTrees_29 = 964 0 37 41 13 83 64 128
TileWalls_29 = 315 625 34 114 28 0 64 128
TileBank_3 = 988 730 6 100 28 0 64 128
TileBar_3 = 626 209 52 77 10 51 64 128
TileObjects3_3 = 815 693 30 86 0 36 64 128
TileTrees_3 = 448 286 60 124 0 0 64 128
TileWalls_3 = 995 730 6 100 28 0 64 128
TileWallsBurnt_3 = 954 821 6 100 28 0 64 128
TileBank_30 = 821 853 25 86 29 26 64 128
TileBar_30 = 749 112 50 102 12 19 64 128
TileObjects3_30 = 686 541 34 58 30 25 64 128
TileTrees_30 = 372 503 43 8 7 107 64 128
TileWalls_30 = 210 738 34 114 0 0 64 128
TileBank_31 = 938 734 25 86 8 26 64 128
TileBar_31 = 562 346 50 102 12 19 64 128
TileObjects3_31 = 587 909 30 58 0 36 64 128
TileTrees_31 = 470 486 40 22 11 97 64 128
TileWalls_31 = 105 854 34 114 28 0 64 128
TileBank_32 = 442 411 52 64 4 61 64 128
TileBar_32 = 846 735 30 54 15 67 64 128
TileObjects3_32 = 697 720 31 58 1 26 64 128
TileTrees_32 = 755 541 32 91 3 24 64 128
TileWalls_32 = 599 621 34 74 0 40 64 128
TileWallsBurnt_32 = 787 215 11 81 53 11 64 128
TileBank_33 = 321 305 62 69 0 55 64 128
TileBar_33 = 613 390 48 47 16 74 64 128
TileObjects3_33 = 590 850 31 58 32 35 64 128
TileTrees_33 = 490 716 34 103 8 13 64 128
TileWalls_33 = 651 587 34 74 28 40 64 128
TileWallsBurnt_33 = 901 860 19 92 0 13 64 128
TileBar_34 = 384 334 61 51 0 63 64 128
TileObjects3_34 = 891 198 35 58 29 25 64 128
TileTrees_34 = 686 600 32 103 28 13 64 128
TileWalls_34 = 322 230 62 74 0 40 64 128
TileBar_35 = 260 0 64 64 0 61 64 128
TileObjects3_35 = 908 715 29 57 0 36 64 128
TileTrees_35 = 560 736 32 91 26 24 64 128
TileWalls_35 = 851 117 6 60 28 40 64 128
TileBar_36 = 749 43 2 12 0 79 64 128
TileObjects3_36 = 751 692 31 58 1 25 64 128
TileTrees_36 = 632 63 58 85 2 32 64 128
TileWalls_36 = 350 627 34 114 0 0 64 128
TileBar_37 = 259 194 62 102 0 19 64 128
TileObjects3_37 = 916 525 31 58 33 37 64 128
TileWalls_37 = 459 509 34 114 28 0 64 128
TileBar_38 = 913 0 50 102 0 19 64 128
TileObjects3_38 = 385 857 34 58 30 25 64 128
TileWalls_38 = 65 244 62 114 0 0 64 128
TileBar_39 = 618 287 50 102 0 19 64 128
TileObjects3_39 = 884 656 30 58 0 36 64 128
TileWalls_39 = 921 860 6 100 28 0 64 128
TileBank_4 = 245 739 34 114 0 0 64 128
TileBar_4 = 495 414 50 71 12 51 64 128
TileObjects3_4 = 523 835 31 86 1 25 64 128
TileTrees_4 = 0 480 62 28 0 84 64 128
TileWalls_4 = 140 850 34 114 0 0 64 128
TileWallsBurnt_4 = 511 486 34 114 0 0 64 128
TileObjects3_40 = 555 887 31 58 1 26 64 128
TileTrees_40 = 800 188 48 82 16 46 64 128
TileWallsBurnt_40 = 599 696 32 94 24 13 64 128
TileObjects3_41 = 625 814 31 58 32 35 64 128
TileTrees_41 = 195 0 64 96 0 32 64 128
TileWallsBurnt_41 = 848 422 32 106 24 1 64 128
TileObjects3_42 = 754 355 35 58 29 25 64 128
TileTrees_42 = 861 103 48 89 0 39 64 128
TileObjects3_43 = 946 676 29 57 0 36 64 128
TileObjects3_44 = 951 497 31 58 1 25 64 128
TileWalls_44 = 385 627 34 114 0 0 64 128
TileObjects3_45 = 815 634 31 58 33 37 64 128
TileWalls_45 = 280 739 34 114 28 0 64 128
TileObjects3_46 = 525 720 34 58 30 25 64 128
TileWalls_46 = 175 853 34 114 0 0 64 128
TileObjects3_47 = 727 838 30 58 0 36 64 128
TileWalls_47 = 546 490 34 114 28 0 64 128
TileObjects3_48 = 852 605 31 58 1 26 64 128
TileTrees_48 = 910 103 43 38 21 0 64 128
TileWalls_48 = 420 616 34 114 0 0 64 128
TileWallsBurnt_48 = 954 103 40 104 24 3 64 128
TileObjects3_49 = 664 792 31 58 32 35 64 128
TileTrees_49 = 0 129 64 120 0 0 64 128
TileWalls_49 = 315 740 34 114 28 0 64 128
TileWallsBurnt_49 = 692 43 56 99 0 8 64 128
TileBank_5 = 210 853 34 114 28 0 64 128
TileBar_5 = 385 230 62 70 0 52 64 128
TileObjects3_5 = 878 715 29 86 32 36 64 128
TileTrees_5 = 254 426 62 42 0 74 64 128
TileWalls_5 = 455 624 34 114 28 0 64 128
TileWallsBurnt_5 = 350 742 34 114 28 0 64 128
TileObjects3_50 = 813 271 35 58 29 25 64 128
TileTrees_50 = 632 705 32 21 0 0 64 128
TileWalls_50 = 130 232 62 114 0 0 64 128
TileObjects3_51 = 718 906 29 57 0 36 64 128
TileWalls_51 = 961 821 6 100 28 0 64 128
TileObjects3_52 = 697 779 31 58 1 25 64 128
TileWalls_52 = 245 854 34 114 0 0 64 128
TileObjects3_53 = 783 693 31 58 33 37 64 128
TileWalls_53 = 581 506 34 114 28 0 64 128
TileObjects3_54 = 804 445 34 58 30 25 64 128
TileWalls_54 = 0 365 62 114 0 0 64 128
TileObjects3_55 = 760 821 30 58 0 36 64 128
TileWalls_55 = 968 821 6 100 28 0 64 128
TileWalls_56 = 494 601 34 114 0 0 64 128
TileWalls_57 = 616 506 34 114 28 0 64 128
TileWalls_58 = 385 742 34 114 0 0 64 128
TileWalls_59 = 280 854 34 114 28 0 64 128
TileBank_6 = 975 821 6 100 28 0 64 128
TileBar_6 = 509 343 52 70 0 52 64 128
TileObjects3_6 = 820 547 31 86 30 25 64 128
TileTrees_6 = 256 369 62 56 0 59 64 128
TileWalls_6 = 195 218 62 114 0 0 64 128
TileWallsBurnt_6 = 63 359 62 114 0 0 64 128
TileWalls_60 = 651 472 34 114 0 0 64 128
TileWalls_61 = 699 426 34 114 28 0 64 128
TileWalls_62 = 420 731 34 114 0 0 64 128
TileWalls_63 = 529 605 34 114 28 0 64 128
TileBank_7 = 721 541 33 54 17 61 64 128
TileBar_7 = 565 268 52 77 0 51 64 128
TileObjects3_7 = 791 809 29 86 1 36 64 128
TileTrees_7 = 189 488 62 19 0 92 64 128
TileWalls_7 = 982 831 6 100 28 0 64 128
TileWallsBurnt_7 = 989 831 6 100 28 0 64 128
TileBank_8 = 734 426 34 114 0 0 64 128
TileBar_8 = 718 355 35 70 1 58 64 128
TileObjects3_8 = 665 705 31 86 1 26 64 128
TileTrees_8 = 317 449 54 60 9 68 64 128
TileWalls_8 = 315 855 34 114 0 0 64 128
TileWallsBurnt_8 = 455 739 34 114 0 0 64 128
TileBank_9 = 769 414 34 114 28 0 64 128
TileBar_9 = 126 433 62 71 0 56 64 128
TileObjects3_9 = 657 851 30 86 32 36 64 128
TileTrees_9 = 372 457 51 45 11 70 64 128
TileWalls_9 = 564 621 34 114 28 0 64 128
TileWallsBurnt_9 = 350 857 34 114 28 0 64 128
Eyeball_00_0 = 442 386 4 4 2 2 9 9
Giblet_00_0 = 565 259 5 4 1 2 9 9
Giblet_00_1 = 372 449 6 4 2 2 9 9
Giblet_00_2 = 306 501 6 5 1 2 9 9
Giblet_01_0 = 470 476 12 9 0 1 12 12
Giblet_01_1 = 737 143 11 11 1 1 12 12
Giblet_01_2 = 306 469 10 11 1 0 12 12
Blood_00_0 = 306 481 9 8 5 6 20 20
Blood_00_1 = 494 509 13 11 3 4 20 20
Blood_00_2 = 424 457 15 15 2 3 20 20
Blood_00_3 = 546 414 15 15 2 3 20 20
Blood_01_0 = 546 430 15 15 9 9 32 32
Blood_01_1 = 551 946 24 23 4 5 32 32
Blood_01_2 = 758 880 28 27 2 4 32 32
Blood_01_3 = 791 780 30 28 2 4 32 32
Fire_00_0 = 790 383 22 27 2 3 25 30
Fire_00_1 = 983 438 20 28 2 2 25 30
Fire_00_2 = 790 353 22 29 2 1 25 30
Fire_00_3 = 791 752 22 27 2 2 25 30
Fire_01_0 = 519 922 31 43 1 0 36 43
Fire_01_1 = 821 809 29 43 3 0 36 43
Fire_01_2 = 915 671 30 43 2 0 36 43
Fire_01_3 = 634 662 32 42 1 1 36 43
Fire_02_0 = 593 449 41 56 1 5 43 61
Fire_02_1 = 730 297 41 57 1 4 43 61
Fire_02_2 = 910 142 41 55 0 6 43 61
Fire_02_3 = 772 297 40 55 0 6 43 61
Rain_00_0 = 306 496 7 4 4 3 16 8
Rain_00_1 = 306 490 9 5 3 2 16 8
Rain_00_2 = 737 155 11 6 2 1 16 8
Rain_00_3 = 691 143 13 4 1 1 16 8
Raindrop = 63 250 1 63 0 1 1 64
Raindrop_00_0 = 128 244 1 63 0 1 1 64
Smoke_00_0 = 696 838 30 67 2 60 32 128
Smoke_00_1 = 760 752 30 68 2 59 32 128
Smoke_00_2 = 453 897 31 69 1 58 32 128
Smoke_00_3 = 847 664 30 70 2 57 32 128
