TileBank_0 = 105 512 34 114 0 0 64 128
TileBar_0 = 890 0 50 70 0 58 64 128
TileCoffee_0 = 0 641 34 114 28 0 64 128
TileObjectsExt_0 = 777 892 21 76 21 39 64 128
TileTrees_0 = 567 0 55 111 1 13 64 128
TileWalls2_0 = 140 512 34 114 0 0 64 128
TileWallsBurnt_0 = 35 641 34 114 0 0 64 128
white_0 = 0 0 64 128 0 0 64 128
TileBank_1 = 175 512 34 114 28 0 64 128
TileBar_1 = 193 244 62 70 0 58 64 128
TileCoffee_1 = 70 640 34 114 0 0 64 128
TileObjectsExt_1 = 862 826 21 76 20 39 64 128
TileTrees_1 = 195 0 62 128 0 0 64 128
TileWalls2_1 = 210 507 34 114 28 0 64 128
TileWallsBurnt_1 = 105 627 34 114 28 0 64 128
white_1 = 65 0 64 128 0 0 64 128
TileBank_10 = 0 756 34 114 0 0 64 128
TileBar_10 = 126 261 62 71 0 56 64 128
TileObjectsExt_10 = 821 261 40 55 21 71 64 128
TileWalls2_10 = 245 512 34 114 0 0 64 128
TileWallsBurnt_10 = 140 627 34 114 0 0 64 128
TileCoffee_100 = 925 179 8 52 27 50 64 128
TileCoffee_101 = 630 699 34 57 28 57 64 128
TileCoffee_102 = 595 742 34 57 0 57 64 128
TileBank_11 = 35 756 34 114 28 0 64 128
TileBar_11 = 862 261 36 70 25 58 64 128
TileCoffee_11 = 126 254 2 1 32 127 64 128
TileObjectsExt_11 = 657 392 45 56 1 71 64 128
TileTrees_11 = 565 112 53 59 0 69 64 128
TileWalls2_11 = 280 512 34 114 28 0 64 128
TileWallsBurnt_11 = 175 627 34 114 28 0 64 128
TileBank_12 = 70 755 34 114 0 0 64 128
TileBar_12 = 63 254 62 85 0 42 64 128
TileCoffee_12 = 126 256 2 1 32 127 64 128
TileObjectsExt_12 = 252 333 61 57 0 69 64 128
TileTrees_12 = 623 81 53 45 0 70 64 128
TileWallsBurnt_12 = 315 503 34 114 0 0 64 128
TileBank_13 = 210 622 34 114 28 0 64 128
TileBar_13 = 510 69 54 82 7 46 64 128
TileTrees_13 = 881 218 37 28 12 96 64 128
TileWallsBurnt_13 = 105 742 34 114 28 0 64 128
TileBank_14 = 0 871 34 114 0 0 64 128
TileBar_14 = 444 230 59 82 1 46 64 128
TileTrees_14 = 652 449 37 19 16 103 64 128
TileWalls2_14 = 245 627 34 114 0 0 64 128
TileWallsBurnt_14 = 140 742 34 114 0 0 64 128
TileBank_15 = 350 510 34 114 28 0 64 128
TileBar_15 = 0 358 62 83 0 44 64 128
TileTrees_15 = 486 471 46 40 9 81 64 128
TileWallsBurnt_15 = 385 510 34 114 28 0 64 128
TileBank_16 = 778 369 33 41 29 22 64 128
TileBar_16 = 35 871 34 114 28 0 64 128
TileCoffee_16 = 280 627 34 114 28 0 64 128
TileObjectsExt_16 = 490 915 32 61 30 52 64 128
TileTrees_16 = 252 391 59 111 0 2 64 128
TileWallsBurnt_16 = 700 719 32 55 0 58 64 128
TileBank_17 = 663 820 32 42 30 22 64 128
TileBar_17 = 175 742 34 114 0 0 64 128
TileCoffee_17 = 812 317 34 128 28 0 64 128
TileObjectsExt_17 = 839 569 32 61 30 52 64 128
TileTrees_17 = 626 922 25 54 18 63 64 128
TileWalls2_17 = 846 461 34 107 29 6 64 128
TileWallsBurnt_17 = 525 910 32 55 30 58 64 128
TileBank_18 = 733 756 32 42 30 22 64 128
TileBar_18 = 258 0 62 114 0 0 64 128
TileCoffee_18 = 899 247 34 128 28 0 64 128
TileObjectsExt_18 = 803 614 32 61 0 52 64 128
TileTrees_18 = 838 0 51 39 13 80 64 128
TileWallsBurnt_18 = 126 404 62 55 0 58 64 128
TileBank_19 = 593 895 32 42 30 22 64 128
TileBar_19 = 420 510 34 114 0 0 64 128
TileCoffee_19 = 934 236 34 128 0 0 64 128
TileObjectsExt_19 = 914 505 32 61 0 52 64 128
TileTrees_19 = 320 230 62 34 0 94 64 128
TileBank_2 = 321 0 62 114 0 0 64 128
TileBar_2 = 619 127 52 70 10 58 64 128
TileCoffee_2 = 194 129 62 114 0 0 64 128
TileObjectsExt_2 = 799 892 21 76 21 39 64 128
TileTrees_2 = 510 213 52 88 4 31 64 128
TileWalls2_2 = 258 115 62 114 0 0 64 128
TileWallsBurnt_2 = 384 0 62 114 0 0 64 128
TileBank_20 = 767 721 32 36 30 28 64 128
TileBar_20 = 315 618 34 114 28 0 64 128
TileCoffee_20 = 847 332 34 128 0 0 64 128
TileObjectsExt_20 = 63 412 62 65 0 48 64 128
TileTrees_20 = 312 410 59 42 2 80 64 128
TileWalls2_20 = 70 870 34 114 0 0 64 128
TileBank_21 = 872 609 32 42 30 22 64 128
TileBar_21 = 210 737 34 114 0 0 64 128
TileCoffee_21 = 105 857 34 114 0 0 64 128
TileObjectsExt_21 = 969 236 7 51 28 48 64 128
TileTrees_21 = 770 314 41 54 13 70 64 128
TileWalls2_21 = 836 631 32 55 2 59 64 128
TileBank_22 = 630 512 21 34 30 30 64 128
TileBar_22 = 350 625 34 114 28 0 64 128
TileCoffee_22 = 245 742 34 114 0 0 64 128
TileTrees_22 = 312 453 57 49 2 75 64 128
TileWalls2_22 = 698 775 32 55 28 59 64 128
TileBar_23 = 905 827 6 100 28 0 64 128
TileCoffee_23 = 140 857 34 114 28 0 64 128
TileTrees_23 = 429 477 45 24 10 97 64 128
TileWalls2_23 = 189 401 60 54 2 59 64 128
TileBank_24 = 862 739 23 86 6 26 64 128
TileBar_24 = 63 478 62 32 0 96 64 128
TileCoffee_24 = 455 512 34 114 28 0 64 128
TileTrees_24 = 678 0 53 83 3 41 64 128
TileWallsBurnt_24 = 884 827 13 96 51 0 64 128
TileBank_25 = 814 802 23 86 34 26 64 128
TileBar_25 = 952 365 24 37 18 83 64 128
TileCoffee_25 = 882 376 34 128 28 0 64 128
TileTrees_25 = 730 144 50 82 6 42 64 128
TileWalls2_25 = 696 831 30 93 31 18 64 128
TileWallsBurnt_25 = 934 728 21 94 0 13 64 128
TileBank_26 = 836 715 25 86 30 26 64 128
TileBar_26 = 952 427 22 22 22 49 64 128
TileCoffee_26 = 917 376 34 128 28 0 64 128
TileTrees_26 = 772 234 48 79 6 38 64 128
TileBank_27 = 902 653 25 86 9 26 64 128
TileBar_27 = 189 456 59 50 4 63 64 128
TileCoffee_27 = 0 512 34 128 0 0 64 128
TileTrees_27 = 607 361 49 81 6 43 64 128
TileBank_28 = 838 802 23 86 6 26 64 128
TileBar_28 = 381 345 59 62 0 60 64 128
TileCoffee_28 = 35 512 34 128 0 0 64 128
TileTrees_28 = 383 230 60 114 1 1 64 128
TileWalls2_28 = 490 512 34 114 0 0 64 128
TileBank_29 = 886 740 23 86 33 26 64 128
TileBar_29 = 785 65 50 102 12 19 64 128
TileCoffee_29 = 385 625 34 114 0 0 64 128
TileTrees_29 = 703 392 37 41 13 83 64 128
TileWalls2_29 = 607 310 6 40 28 59 64 128
TileBank_3 = 912 827 6 100 28 0 64 128
TileBar_3 = 732 0 52 77 10 51 64 128
TileCoffee_3 = 898 827 6 128 28 0 64 128
TileObjectsExt_3 = 821 889 21 76 20 39 64 128
TileTrees_3 = 320 285 60 124 0 0 64 128
TileWallsBurnt_3 = 919 827 6 100 28 0 64 128
TileBank_30 = 762 805 25 86 29 26 64 128
TileBar_30 = 503 368 50 102 12 19 64 128
TileTrees_30 = 249 503 43 8 7 107 64 128
TileBank_31 = 937 641 25 86 8 26 64 128
TileBar_31 = 670 201 50 102 12 19 64 128
TileTrees_31 = 604 489 40 22 11 97 64 128
TileBank_32 = 785 0 52 64 4 61 64 128
TileBar_32 = 731 799 30 54 15 67 64 128
TileCoffee_32 = 280 742 34 114 28 0 64 128
TileTrees_32 = 734 664 32 91 3 24 64 128
TileWallsBurnt_32 = 690 449 11 81 53 11 64 128
TileBank_33 = 0 442 62 69 0 55 64 128
TileBar_33 = 887 131 48 47 16 74 64 128
TileCoffee_33 = 175 857 34 114 28 0 64 128
TileTrees_33 = 455 857 34 103 8 13 64 128
TileWalls2_33 = 665 725 32 94 2 19 64 128
TileWallsBurnt_33 = 956 728 19 92 0 13 64 128
TileBar_34 = 126 460 61 51 0 63 64 128
TileCoffee_34 = 525 512 34 114 28 0 64 128
TileTrees_34 = 881 505 32 103 28 13 64 128
TileWalls2_34 = 770 614 32 106 2 7 64 128
TileBar_35 = 65 129 64 64 0 61 64 128
TileCoffee_35 = 420 625 34 114 0 0 64 128
TileTrees_35 = 560 846 32 91 26 24 64 128
TileBar_36 = 189 261 2 12 0 79 64 128
TileCoffee_36 = 315 733 34 114 0 0 64 128
TileTrees_36 = 444 313 58 85 2 32 64 128
TileWalls2_36 = 210 852 34 114 0 0 64 128
TileBar_37 = 130 158 62 102 0 19 64 128
TileCoffee_37 = 560 501 34 114 0 0 64 128
TileWalls2_37 = 628 864 32 28 2 86 64 128
TileBar_38 = 556 310 50 102 0 19 64 128
TileCoffee_38 = 455 627 34 114 0 0 64 128
TileWalls2_38 = 836 687 32 27 2 86 64 128
TileBar_39 = 615 258 50 102 0 19 64 128
TileCoffee_39 = 350 740 34 114 28 0 64 128
TileWalls2_39 = 558 938 32 28 2 86 64 128
TileBank_4 = 245 857 34 114 0 0 64 128
TileBar_4 = 838 40 50 71 12 51 64 128
TileCoffee_4 = 70 511 34 128 28 0 64 128
TileObjectsExt_4 = 486 399 15 33 25 83 64 128
TileTrees_4 = 189 372 62 28 0 84 64 128
TileWalls2_4 = 595 512 34 114 0 0 64 128
TileWallsBurnt_4 = 490 627 34 114 0 0 64 128
TileCoffee_40 = 652 469 34 114 28 0 64 128
TileTrees_40 = 832 178 48 82 16 46 64 128
TileWallsBurnt_40 = 595 800 32 94 24 13 64 128
TileCoffee_41 = 385 740 34 114 28 0 64 128
TileTrees_41 = 130 0 64 96 0 32 64 128
TileWalls2_41 = 0 250 62 107 2 6 64 128
TileWallsBurnt_41 = 630 757 32 106 24 1 64 128
TileCoffee_42 = 280 857 34 114 28 0 64 128
TileTrees_42 = 721 288 48 89 0 39 64 128
TileWalls2_42 = 843 889 6 93 28 3 64 128
TileCoffee_43 = 703 434 34 114 0 0 64 128
TileWalls2_43 = 803 676 32 44 2 70 64 128
TileCoffee_44 = 525 627 34 114 0 0 64 128
TileWalls2_44 = 628 893 32 28 28 86 64 128
TileCoffee_45 = 420 740 34 114 0 0 64 128
TileWalls2_45 = 869 652 32 27 28 87 64 128
TileWalls2_46 = 800 721 32 28 28 86 64 128
TileWalls2_47 = 914 567 32 44 28 70 64 128
TileCoffee_48 = 910 740 23 86 6 26 64 128
TileTrees_48 = 881 179 43 38 21 0 64 128
TileWalls2_48 = 315 848 34 114 0 0 64 128
TileWallsBurnt_48 = 936 131 40 104 24 3 64 128
TileCoffee_49 = 753 892 23 86 33 26 64 128
TileTrees_49 = 0 129 64 120 0 0 64 128
TileWalls2_49 = 741 430 34 114 28 0 64 128
TileWallsBurnt_49 = 372 410 56 99 0 8 64 128
TileBank_5 = 560 616 34 114 28 0 64 128
TileBar_5 = 126 333 62 70 0 52 64 128
TileCoffee_5 = 455 742 34 114 0 0 64 128
TileObjectsExt_5 = 805 561 33 52 14 68 64 128
TileTrees_5 = 256 290 62 42 0 74 64 128
TileWalls2_5 = 350 855 34 114 28 0 64 128
TileWallsBurnt_5 = 776 430 34 114 28 0 64 128
TileCoffee_50 = 727 854 25 86 29 26 64 128
TileTrees_50 = 315 963 32 21 0 0 64 128
TileWalls2_50 = 321 115 62 114 0 0 64 128
TileCoffee_51 = 788 805 25 86 8 26 64 128
TileWalls2_51 = 926 827 6 100 28 0 64 128
TileCoffee_52 = 604 443 47 45 7 71 64 128
TileWalls2_52 = 314 333 5 13 29 85 64 128
TileCoffee_53 = 623 0 54 80 4 46 64 128
TileWalls2_53 = 657 361 6 30 28 69 64 128
TileCoffee_54 = 554 413 49 87 8 36 64 128
TileCoffee_55 = 666 304 49 87 5 36 64 128
TileCoffee_56 = 210 967 34 18 7 70 64 128
TileWalls2_56 = 595 627 34 114 0 0 64 128
TileCoffee_57 = 665 699 34 25 9 59 64 128
TileWalls2_57 = 490 742 34 114 28 0 64 128
TileWalls2_58 = 630 584 34 114 0 0 64 128
TileWalls2_59 = 385 855 34 114 28 0 64 128
TileBank_6 = 934 823 6 100 28 0 64 128
TileBar_6 = 677 84 52 70 0 52 64 128
TileCoffee_6 = 447 0 62 114 0 0 64 128
TileObjectsExt_6 = 525 857 33 52 16 68 64 128
TileTrees_6 = 189 315 62 56 0 59 64 128
TileWalls2_6 = 384 115 62 114 0 0 64 128
TileWallsBurnt_6 = 447 115 62 114 0 0 64 128
TileWalls2_61 = 665 584 34 114 0 0 64 128
TileWalls2_62 = 700 549 34 114 0 0 64 128
TileWalls2_63 = 811 446 34 114 0 0 64 128
TileCoffee_64 = 65 194 63 59 0 69 64 128
TileCoffee_65 = 721 227 50 60 0 68 64 128
TileCoffee_66 = 732 78 51 65 0 63 64 128
TileCoffee_67 = 563 250 51 59 0 63 64 128
TileCoffee_68 = 766 758 31 46 16 74 64 128
TileCoffee_69 = 661 864 31 47 18 74 64 128
TileBank_7 = 700 664 33 54 17 61 64 128
TileBar_7 = 565 172 52 77 0 51 64 128
TileCoffee_7 = 941 823 6 100 28 0 64 128
TileObjectsExt_7 = 940 71 36 51 13 71 64 128
TileTrees_7 = 320 265 62 19 0 92 64 128
TileWalls2_7 = 968 592 8 101 27 0 64 128
TileWallsBurnt_7 = 948 823 6 100 28 0 64 128
TileCoffee_70 = 905 612 31 40 17 80 64 128
TileCoffee_71 = 591 938 31 40 15 80 64 128
TileCoffee_72 = 770 545 34 68 20 60 64 128
TileCoffee_73 = 490 857 34 57 21 71 64 128
TileBank_8 = 525 742 34 114 0 0 64 128
TileBar_8 = 941 0 35 70 1 58 64 128
TileObjectsExt_8 = 741 378 36 51 14 71 64 128
TileTrees_8 = 510 152 54 60 9 68 64 128
TileWallsBurnt_8 = 420 855 34 114 0 0 64 128
TileCoffee_80 = 257 230 62 59 0 63 64 128
TileCoffee_81 = 618 198 51 59 11 63 64 128
TileCoffee_82 = 504 302 51 65 11 63 64 128
TileCoffee_83 = 889 71 50 59 12 69 64 128
TileCoffee_84 = 947 505 28 58 9 12 64 128
TileCoffee_85 = 661 912 25 51 5 22 64 128
TileCoffee_86 = 800 750 26 51 32 22 64 128
TileCoffee_87 = 869 680 27 58 26 12 64 128
TileBank_9 = 735 549 34 114 28 0 64 128
TileBar_9 = 63 340 62 71 0 56 64 128
TileObjectsExt_9 = 130 97 63 60 1 66 64 128
TileTrees_9 = 672 155 51 45 11 70 64 128
TileWallsBurnt_9 = 560 731 34 114 28 0 64 128
TileCoffee_96 = 836 112 50 65 6 59 64 128
TileCoffee_97 = 429 408 56 68 4 57 64 128
TileCoffee_98 = 510 0 56 68 2 57 64 128
TileCoffee_99 = 781 168 50 65 6 59 64 128
Eyeball_00_0 = 314 352 4 4 2 2 9 9
Giblet_00_0 = 314 347 5 4 1 2 9 9
Giblet_00_1 = 188 507 6 4 2 2 9 9
Giblet_00_2 = 312 391 6 5 1 2 9 9
Giblet_01_0 = 533 499 12 9 0 1 12 12
Giblet_01_1 = 105 972 11 11 1 1 12 12
Giblet_01_2 = 475 477 10 11 1 0 12 12
Blood_00_0 = 293 503 9 8 5 6 20 20
Blood_00_1 = 533 487 13 11 3 4 20 20
Blood_00_2 = 486 433 15 15 2 3 20 20
Blood_00_3 = 486 449 15 15 2 3 20 20
Blood_01_0 = 533 471 15 15 9 9 32 32
Blood_01_1 = 952 403 24 23 4 5 32 32
Blood_01_2 = 947 564 28 27 2 4 32 32
Blood_01_3 = 937 612 30 28 2 4 32 32
