Smoke_01_0_0 = 830 0 58 73 3 54 64 128
Smoke_01_1_0 = 575 235 59 72 2 54 64 128
Smoke_01_2_0 = 382 428 60 70 2 54 64 128
Smoke_01_3_0 = 704 75 61 73 2 53 64 128
Smoke_02_0_0 = 0 0 64 116 0 9 64 128
Smoke_02_1_0 = 260 0 63 120 0 8 64 128
Smoke_02_2_0 = 65 0 64 114 0 11 64 128
Smoke_02_3_0 = 130 0 64 114 0 10 64 128
TileRoof_0 = 260 121 63 64 0 64 64 128
TileStairs_0 = 0 443 62 64 0 64 64 128
TileWalls_0 = 640 325 34 114 0 0 64 128
TileWallsGarage_0 = 744 215 34 114 0 0 64 128
TileRoof_1 = 388 0 63 64 0 32 64 128
TileStairs_1 = 515 0 62 84 0 32 64 128
TileWalls_1 = 603 363 34 114 28 0 64 128
TileWallsGarage_1 = 455 724 34 113 0 0 64 128
TileStairs_10 = 64 376 62 116 0 0 64 128
TileWalls_10 = 893 57 34 114 0 0 64 128
TileWallsGarage_10 = 105 725 34 101 0 0 64 128
TileRoof_100 = 175 725 34 82 28 32 64 128
TileRoof_101 = 856 74 36 50 28 64 64 128
TileRoof_102 = 630 638 34 58 28 56 64 128
TileRoof_103 = 254 483 36 26 28 88 64 128
TileRoof_104 = 525 773 34 50 0 64 64 128
TileRoof_105 = 210 725 34 82 0 32 64 128
TileRoof_106 = 856 125 34 114 0 0 64 128
TileRoof_107 = 677 315 34 114 28 0 64 128
TileRoof_108 = 245 740 34 82 28 32 64 128
TileRoof_109 = 556 378 36 50 28 64 64 128
TileStairs_11 = 641 85 62 64 0 64 64 128
TileWalls_11 = 779 215 34 114 28 0 64 128
TileWallsGarage_11 = 140 725 34 101 28 0 64 128
TileRoof_110 = 560 708 34 58 28 56 64 128
TileRoof_111 = 443 467 36 26 28 88 64 128
TileRoof_112 = 490 803 32 32 2 82 64 128
TileRoof_113 = 595 758 32 64 2 50 64 128
TileRoof_114 = 919 287 32 96 2 18 64 128
TileRoof_115 = 630 697 32 96 28 18 64 128
TileRoof_116 = 920 461 32 64 28 50 64 128
TileRoof_117 = 663 786 32 32 28 82 64 128
TileRoof_118 = 700 560 34 58 0 56 64 128
TileStairs_12 = 578 0 62 84 0 32 64 128
TileWalls_12 = 814 211 34 114 0 0 64 128
TileWallsGarage_12 = 700 619 34 46 28 0 64 128
TileRoof_120 = 801 691 32 32 2 82 64 128
TileRoof_121 = 768 668 32 64 2 50 64 128
TileRoof_122 = 815 529 32 96 2 18 64 128
TileRoof_123 = 887 461 32 96 28 18 64 128
TileRoof_124 = 803 626 32 64 28 50 64 128
TileRoof_125 = 766 733 32 32 28 82 64 128
TileRoof_126 = 852 402 34 58 0 56 64 128
TileStairs_13 = 193 261 62 116 0 0 64 128
TileWalls_13 = 891 172 34 114 28 0 64 128
TileWallsGarage_13 = 712 330 34 114 28 0 64 128
TileStairs_14 = 928 148 14 104 0 12 64 128
TileWalls_14 = 747 330 34 114 0 0 64 128
TileStairs_15 = 834 707 14 104 48 12 64 128
TileWalls_15 = 849 240 34 114 28 0 64 128
TileRoof_16 = 0 117 64 65 0 63 64 128
TileStairs_16 = 575 170 62 64 0 64 64 128
TileWalls_16 = 782 330 34 114 0 0 64 128
TileRoof_17 = 324 0 63 65 1 31 64 128
TileStairs_17 = 515 85 62 84 0 32 64 128
TileWalls_17 = 884 287 34 114 28 0 64 128
TileRoof_18 = 324 66 63 64 1 0 64 128
TileStairs_18 = 128 345 62 116 0 0 64 128
TileWalls_18 = 386 196 62 114 0 0 64 128
TileRoof_19 = 259 186 63 64 0 64 64 128
TileWalls_19 = 943 148 6 100 28 0 64 128
TileRoof_2 = 0 183 64 64 0 0 64 128
TileStairs_2 = 259 251 62 116 0 0 64 128
TileWalls_2 = 256 368 62 114 0 0 64 128
TileWallsGarage_2 = 525 659 34 113 0 0 64 128
TileRoof_20 = 388 65 63 64 0 32 64 128
TileWalls_20 = 817 355 34 114 0 0 64 128
TileRoof_21 = 324 131 63 64 0 0 64 128
TileWalls_21 = 0 508 34 114 28 0 64 128
TileRoof_22 = 452 148 48 40 15 56 64 128
TileStairs_22 = 849 707 14 104 0 12 64 128
TileWalls_22 = 322 313 62 114 0 0 64 128
TileRoof_23 = 767 65 47 40 0 56 64 128
TileStairs_23 = 864 707 14 104 48 12 64 128
TileWalls_23 = 945 624 6 100 28 0 64 128
TileRoof_24 = 452 115 62 32 0 96 64 128
TileStairs_24 = 319 428 62 64 0 64 64 128
TileWalls_24 = 35 508 34 114 0 0 64 128
TileRoof_25 = 127 462 62 32 0 96 64 128
TileStairs_25 = 641 0 62 84 0 32 64 128
TileWalls_25 = 70 493 34 114 28 0 64 128
TileStairs_26 = 323 196 62 116 0 0 64 128
TileWalls_26 = 105 495 34 114 0 0 64 128
TileWalls_27 = 0 623 34 114 28 0 64 128
TileWalls_28 = 140 495 34 114 0 0 64 128
TileWalls_29 = 35 623 34 114 28 0 64 128
TileRoof_3 = 130 115 64 64 0 0 64 128
TileStairs_3 = 767 0 62 64 0 64 64 128
TileWalls_3 = 894 725 6 100 28 0 64 128
TileWallsGarage_3 = 595 593 34 113 28 0 64 128
TileWalls_30 = 175 495 34 114 0 0 64 128
TileWalls_31 = 70 608 34 114 28 0 64 128
TileRoof_32 = 780 520 34 50 0 64 64 128
TileStairs_32 = 490 724 34 78 0 39 64 128
TileWalls_32 = 665 555 34 74 0 40 64 128
TileRoof_33 = 280 740 34 82 0 32 64 128
TileStairs_33 = 922 384 30 53 4 32 64 128
TileWalls_33 = 780 445 34 74 28 40 64 128
TileRoof_34 = 210 495 34 114 0 0 64 128
TileStairs_34 = 766 106 46 53 4 0 64 128
TileWalls_34 = 704 0 62 74 0 40 64 128
TileRoof_35 = 105 610 34 114 28 0 64 128
TileStairs_35 = 928 81 22 38 32 87 64 128
TileWalls_35 = 593 378 6 60 28 40 64 128
TileRoof_36 = 350 729 34 82 28 32 64 128
TileWalls_36 = 140 610 34 114 0 0 64 128
TileRoof_37 = 677 264 36 50 28 64 64 128
TileWalls_37 = 245 510 34 114 28 0 64 128
TileRoof_38 = 815 470 34 58 28 56 64 128
TileWalls_38 = 449 195 62 114 0 0 64 128
TileRoof_39 = 480 467 36 26 28 88 64 128
TileWalls_39 = 927 692 6 100 28 0 64 128
TileRoof_4 = 65 181 64 64 0 32 64 128
TileStairs_4 = 578 85 62 84 0 32 64 128
TileWalls_4 = 175 610 34 114 0 0 64 128
TileWallsGarage_4 = 745 445 34 113 28 0 64 128
TileRoof_40 = 388 130 63 64 0 64 64 128
TileStairs_40 = 700 666 32 94 0 10 64 128
TileRoof_41 = 0 248 63 64 0 32 64 128
TileStairs_41 = 641 150 60 72 0 0 64 128
TileRoof_42 = 130 180 64 64 0 0 64 128
TileStairs_42 = 525 451 25 40 0 3 64 128
TileRoof_43 = 195 0 64 64 0 0 64 128
TileStairs_43 = 686 223 15 22 17 74 64 128
TileRoof_44 = 195 65 64 64 0 32 64 128
TileStairs_44 = 815 74 40 68 0 44 64 128
TileWalls_44 = 280 510 34 114 0 0 64 128
TileRoof_45 = 65 246 63 64 0 64 64 128
TileStairs_45 = 883 558 32 64 0 47 64 128
TileWalls_45 = 70 723 34 114 28 0 64 128
TileRoof_46 = 702 150 47 40 0 24 64 128
TileWalls_46 = 315 493 34 114 0 0 64 128
TileRoof_47 = 638 223 47 40 15 24 64 128
TileWalls_47 = 210 610 34 114 28 0 64 128
TileRoof_48 = 881 623 32 32 2 82 64 128
TileStairs_48 = 603 308 36 54 0 47 64 128
TileWalls_48 = 245 625 34 114 0 0 64 128
TileRoof_49 = 920 526 32 64 2 50 64 128
TileStairs_49 = 750 160 36 54 26 47 64 128
TileWalls_49 = 350 499 34 114 28 0 64 128
TileRoof_5 = 0 313 63 64 0 64 64 128
TileStairs_5 = 191 378 62 116 0 0 64 128
TileWalls_5 = 385 499 34 114 28 0 64 128
TileWallsGarage_5 = 280 625 34 114 28 0 64 128
TileRoof_50 = 770 571 32 96 2 18 64 128
TileStairs_50 = 623 478 14 52 24 46 64 128
TileWalls_50 = 386 311 62 114 0 0 64 128
TileRoof_51 = 735 619 32 96 28 18 64 128
TileWalls_51 = 934 692 6 100 28 0 64 128
TileRoof_52 = 733 716 32 64 28 50 64 128
TileWalls_52 = 420 499 34 114 0 0 64 128
TileRoof_53 = 916 591 32 32 28 82 64 128
TileWalls_53 = 315 608 34 114 28 0 64 128
TileRoof_54 = 887 402 34 58 0 56 64 128
TileWalls_54 = 449 310 62 114 0 0 64 128
TileWalls_55 = 901 725 6 100 28 0 64 128
TileRoof_56 = 65 115 64 65 0 63 64 128
TileWalls_56 = 455 494 34 114 0 0 64 128
TileRoof_57 = 195 130 63 65 1 31 64 128
TileWalls_57 = 350 614 34 114 28 0 64 128
TileRoof_58 = 129 246 63 64 1 0 64 128
TileWalls_58 = 490 494 34 114 0 0 64 128
TileRoof_59 = 64 311 63 64 0 64 64 128
TileWalls_59 = 553 429 34 114 28 0 64 128
TileRoof_6 = 512 361 43 33 21 0 64 128
TileStairs_6 = 912 692 14 104 0 12 64 128
TileWalls_6 = 452 0 62 114 0 0 64 128
TileRoof_60 = 0 378 63 64 0 32 64 128
TileWalls_60 = 385 614 34 114 0 0 64 128
TileRoof_61 = 195 196 63 64 0 0 64 128
TileWalls_61 = 420 614 34 114 28 0 64 128
TileRoof_62 = 512 320 48 40 15 56 64 128
TileWalls_62 = 315 723 34 114 0 0 64 128
TileRoof_63 = 443 426 47 40 0 56 64 128
TileWalls_63 = 455 609 34 114 28 0 64 128
TileRoof_64 = 595 707 34 50 0 64 64 128
TileRoof_65 = 385 729 34 82 0 32 64 128
TileRoof_66 = 638 440 34 114 0 0 64 128
TileRoof_67 = 588 478 34 114 28 0 64 128
TileRoof_68 = 420 729 34 82 28 32 64 128
TileRoof_69 = 787 160 36 50 28 64 64 128
TileRoof_7 = 635 264 41 33 0 0 64 128
TileStairs_7 = 879 725 14 104 48 12 64 128
TileWalls_7 = 941 725 6 100 28 0 64 128
TileRoof_70 = 735 560 34 58 28 56 64 128
TileRoof_71 = 640 298 36 26 28 88 64 128
TileRoof_8 = 128 311 63 33 0 0 64 128
TileStairs_8 = 512 255 62 64 0 64 64 128
TileWalls_8 = 525 544 34 114 0 0 64 128
TileWallsGarage_8 = 490 609 34 114 0 0 64 128
TileRoof_80 = 731 781 32 32 2 82 64 128
TileRoof_81 = 848 609 32 64 2 50 64 128
TileRoof_82 = 665 689 32 96 2 18 64 128
TileRoof_83 = 850 512 32 96 28 18 64 128
TileRoof_84 = 698 761 32 64 28 50 64 128
TileRoof_85 = 836 674 32 32 28 82 64 128
TileRoof_86 = 665 630 34 58 0 56 64 128
TileRoof_88 = 0 738 34 90 0 24 64 128
TileRoof_89 = 35 738 34 90 28 24 64 128
TileRoof_9 = 291 483 20 21 21 0 64 128
TileStairs_9 = 512 170 62 84 0 32 64 128
TileWalls_9 = 675 430 34 114 28 0 64 128
TileWallsGarage_9 = 560 767 34 46 0 0 64 128
TileRoof_96 = 852 461 34 50 0 64 64 128
TileRoof_97 = 630 555 34 82 0 32 64 128
TileRoof_98 = 710 445 34 114 0 0 64 128
TileRoof_99 = 560 593 34 114 28 0 64 128
Eyeball_00_0 = 63 498 4 4 2 2 9 9
Giblet_00_0 = 63 493 5 4 1 2 9 9
Giblet_00_1 = 491 189 6 4 2 2 9 9
Giblet_00_2 = 484 189 6 5 1 2 9 9
Giblet_01_0 = 501 160 12 9 0 1 12 12
Giblet_01_1 = 575 308 11 11 1 1 12 12
Giblet_01_2 = 501 170 10 11 1 0 12 12
Blood_00_0 = 501 182 9 8 5 6 20 20
Blood_00_1 = 501 148 13 11 3 4 20 20
Blood_00_2 = 931 0 15 15 2 3 20 20
Blood_00_3 = 686 246 15 15 2 3 20 20
Blood_01_0 = 931 16 15 15 9 9 32 32
Blood_01_1 = 928 57 24 23 4 5 32 32
Blood_01_2 = 714 291 28 27 2 4 32 32
Blood_01_3 = 175 808 30 28 2 4 32 32
Fire_00_0 = 525 492 22 27 2 3 25 30
Fire_00_1 = 491 425 20 28 2 2 25 30
Fire_00_2 = 206 808 22 29 2 1 25 30
Fire_00_3 = 928 120 22 27 2 2 25 30
Fire_01_0 = 824 143 31 43 1 0 36 43
Fire_01_1 = 714 247 29 43 3 0 36 43
Fire_01_2 = 852 355 30 43 2 0 36 43
Fire_01_3 = 628 794 32 42 1 1 36 43
Fire_02_0 = 889 0 41 56 1 5 43 61
Fire_02_1 = 561 320 41 57 1 4 43 61
Fire_02_2 = 702 191 41 55 0 6 43 61
Fire_02_3 = 512 395 40 55 0 6 43 61
Rain_00_0 = 476 189 7 4 4 3 16 8
Rain_00_1 = 466 189 9 5 3 2 16 8
Rain_00_2 = 0 829 11 6 2 1 16 8
Rain_00_3 = 452 189 13 4 1 1 16 8
Raindrop = 256 261 1 63 0 1 1 64
Raindrop_00_0 = 254 378 1 63 0 1 1 64
Smoke_00_0 = 914 624 30 67 2 60 32 128
Smoke_00_1 = 881 656 30 68 2 59 32 128
Smoke_00_2 = 801 724 31 69 1 58 32 128
Smoke_00_3 = 766 766 30 70 2 57 32 128
