Smoke_01_0_0 = 634 85 58 73 3 54 64 128
Smoke_01_1_0 = 512 175 59 72 2 54 64 128
Smoke_01_2_0 = 576 0 60 70 2 54 64 128
Smoke_01_3_0 = 447 397 61 73 2 53 64 128
Smoke_02_0_0 = 0 129 64 116 0 9 64 128
Smoke_02_1_0 = 260 0 63 120 0 8 64 128
Smoke_02_2_0 = 130 0 64 114 0 11 64 128
Smoke_02_3_0 = 65 129 64 114 0 10 64 128
TileOffice_0 = 731 389 34 114 0 0 64 128
TileRope_0 = 645 453 8 41 13 66 64 128
TileSpiffos_0 = 954 244 34 114 0 0 64 128
TilesStreetLights_0 = 978 651 16 115 23 0 64 128
TileWallDecoration_0 = 245 511 6 99 2 15 64 128
TileWalls2_0 = 827 383 34 114 0 0 64 128
white_0 = 0 0 64 128 0 0 64 128
TileOffice_1 = 862 383 34 114 28 0 64 128
TileRope_1 = 680 506 8 41 41 66 64 128
TileSpiffos_1 = 897 383 34 114 28 0 64 128
TilesStreetLights_1 = 931 708 14 116 24 0 64 128
TileWallDecoration_1 = 861 850 6 99 54 15 64 128
TileWalls2_1 = 954 359 34 114 28 0 64 128
white_1 = 65 0 64 128 0 0 64 128
TileOffice_10 = 175 856 34 71 29 46 64 128
TileSpiffos_10 = 968 564 25 86 29 26 64 128
TilesStreetLights_10 = 0 856 34 99 2 12 64 128
TileWallDecoration_10 = 790 848 15 100 19 3 64 128
TileWalls2_10 = 0 511 34 114 0 0 64 128
TileSpiffos_100 = 35 511 34 114 0 0 64 128
TileSpiffos_101 = 70 511 34 114 28 0 64 128
TileSpiffos_102 = 105 511 34 114 0 0 64 128
TileSpiffos_103 = 0 626 34 114 28 0 64 128
TileSpiffos_104 = 140 510 34 114 28 0 64 128
TileSpiffos_105 = 35 626 34 114 28 0 64 128
TileSpiffos_106 = 563 348 46 114 16 0 64 128
TileSpiffos_107 = 70 626 34 114 28 0 64 128
TileSpiffos_108 = 602 650 34 113 30 0 64 128
TileSpiffos_109 = 917 0 45 114 17 0 64 128
TileOffice_11 = 450 175 61 63 1 48 64 128
TileSpiffos_11 = 839 695 25 86 8 26 64 128
TilesStreetLights_11 = 882 145 36 108 0 3 64 128
TileWallDecoration_11 = 821 848 14 99 28 3 64 128
TileWalls2_11 = 175 511 34 114 28 0 64 128
TileSpiffos_112 = 551 463 35 43 11 21 64 128
TileSpiffos_113 = 440 471 37 38 7 29 64 128
TileSpiffos_114 = 615 293 44 29 18 22 64 128
TileSpiffos_115 = 900 788 10 104 26 13 64 128
TileSpiffos_116 = 615 323 41 96 3 16 64 128
TileSpiffos_117 = 745 169 42 45 2 16 64 128
TileOffice_12 = 210 856 34 71 1 46 64 128
TileSpiffos_12 = 696 857 23 86 6 26 64 128
TilesStreetLights_12 = 564 248 6 18 41 14 64 128
TileWallDecoration_12 = 875 850 6 98 28 2 64 128
TileOffice_13 = 385 847 34 71 29 46 64 128
TileSpiffos_13 = 766 784 23 86 33 26 64 128
TilesStreetLights_13 = 809 42 6 18 15 14 64 128
TileOffice_14 = 452 0 61 63 1 48 64 128
TileSpiffos_14 = 736 807 25 86 29 26 64 128
TilesStreetLights_14 = 357 483 16 12 34 9 64 128
TileWalls2_14 = 210 511 34 114 0 0 64 128
TileSpiffos_15 = 811 733 25 86 8 26 64 128
TilesStreetLights_15 = 695 323 16 12 12 9 64 128
TileOffice_16 = 105 626 34 114 0 0 64 128
TileSpiffos_16 = 0 741 34 114 0 0 64 128
TilesStreetLights_16 = 889 788 10 106 27 11 64 128
TileOffice_17 = 252 496 34 114 28 0 64 128
TileSpiffos_17 = 140 625 34 114 28 0 64 128
TileWalls2_17 = 350 847 34 107 29 6 64 128
TileOffice_18 = 35 741 34 114 0 0 64 128
TileSpiffos_18 = 287 496 34 114 0 0 64 128
TileOffice_19 = 175 626 34 114 28 0 64 128
TileSpiffos_19 = 70 741 34 114 28 0 64 128
TileOffice_2 = 324 86 62 114 0 0 64 128
TileSpiffos_2 = 322 483 34 114 0 0 64 128
TileWallDecoration_2 = 989 211 7 100 27 2 64 128
TileWalls2_2 = 388 60 62 114 0 0 64 128
TileOffice_20 = 801 498 34 65 0 49 64 128
TileSpiffos_20 = 919 115 34 128 0 0 64 128
TilesStreetLights_20 = 788 203 8 14 40 14 64 128
TileWalls2_20 = 210 626 34 114 0 0 64 128
TileOffice_21 = 763 567 34 65 28 49 64 128
TileSpiffos_21 = 105 741 34 114 0 0 64 128
TilesStreetLights_21 = 551 447 8 14 14 14 64 128
TileWalls2_21 = 836 550 32 55 2 59 64 128
TileOffice_22 = 387 175 62 65 0 49 64 128
TileSpiffos_22 = 245 611 34 114 0 0 64 128
TilesStreetLights_22 = 523 919 31 29 25 16 64 128
TileWalls2_22 = 749 633 32 55 28 59 64 128
TileOffice_23 = 440 416 6 51 28 49 64 128
TileSpiffos_23 = 0 246 62 114 0 0 64 128
TilesStreetLights_23 = 105 931 31 25 1 18 64 128
TileWalls2_23 = 513 120 60 54 2 59 64 128
TileSpiffos_24 = 0 476 58 34 0 64 64 128
TileOffice_25 = 844 145 37 65 1 46 64 128
TileSpiffos_25 = 574 155 58 41 6 67 64 128
TileWalls2_25 = 869 582 30 93 31 18 64 128
TileOffice_26 = 657 323 37 82 25 46 64 128
TileSpiffos_26 = 757 0 58 41 0 67 64 128
TileOffice_27 = 715 553 12 55 27 47 64 128
TileSpiffos_27 = 59 476 58 34 4 64 64 128
TileOffice_28 = 718 271 37 65 1 46 64 128
TileSpiffos_28 = 451 122 60 46 4 62 64 128
TilesStreetLights_28 = 173 477 15 28 24 64 64 128
TileWalls2_28 = 140 740 34 114 0 0 64 128
TileOffice_29 = 775 222 37 65 25 46 64 128
TileSpiffos_29 = 118 477 54 32 0 67 64 128
TilesStreetLights_29 = 660 293 15 28 24 64 64 128
TileWalls2_29 = 685 159 6 40 28 59 64 128
TileOffice_3 = 315 611 6 100 28 0 64 128
TileSpiffos_3 = 357 502 34 114 28 0 64 128
TileWallDecoration_3 = 989 312 7 100 28 2 64 128
TileOffice_30 = 932 373 12 55 27 47 64 128
TileSpiffos_30 = 697 63 53 78 11 33 64 128
TilesStreetLights_30 = 478 471 16 27 24 65 64 128
TileSpiffos_31 = 572 197 52 78 1 29 64 128
TilesStreetLights_31 = 900 117 16 26 23 66 64 128
TileOffice_32 = 891 701 23 86 6 25 64 128
TileSpiffos_32 = 280 611 34 114 28 0 64 128
TileOffice_33 = 954 651 23 86 33 25 64 128
TileSpiffos_33 = 392 502 34 114 28 0 64 128
TileWalls2_33 = 602 764 32 94 2 19 64 128
TileOffice_34 = 865 676 25 86 29 25 64 128
TileSpiffos_34 = 175 741 34 114 28 0 64 128
TileWalls2_34 = 798 567 32 106 2 7 64 128
TileOffice_35 = 928 621 25 86 8 25 64 128
TileSpiffos_35 = 322 598 34 114 28 0 64 128
TileOffice_36 = 105 856 34 74 0 40 64 128
TileSpiffos_36 = 637 621 34 113 30 0 64 128
TilesStreetLights_36 = 900 89 16 27 24 65 64 128
TileWalls2_36 = 427 510 34 114 0 0 64 128
TileOffice_37 = 140 855 34 74 28 40 64 128
TileSpiffos_37 = 210 741 34 114 28 0 64 128
TilesStreetLights_37 = 645 420 10 32 25 60 64 128
TileWalls2_37 = 849 211 32 28 2 86 64 128
TileOffice_38 = 258 301 62 74 0 40 64 128
TileSpiffos_38 = 945 373 6 100 28 0 64 128
TileWalls2_38 = 140 930 32 27 2 86 64 128
TileOffice_39 = 637 535 6 60 28 40 64 128
TileSpiffos_39 = 946 708 6 100 28 0 64 128
TileWalls2_39 = 175 928 32 28 2 86 64 128
TileOffice_4 = 245 726 34 114 0 0 64 128
TileSpiffos_4 = 954 115 34 128 0 0 64 128
TilesStreetLights_4 = 756 271 15 16 34 21 64 128
TileWallDecoration_4 = 911 812 6 98 28 2 64 128
TileWalls2_4 = 462 510 34 114 0 0 64 128
TileOffice_40 = 130 115 64 65 0 63 64 128
TileSpiffos_40 = 633 159 51 73 6 47 64 128
TilesStreetLights_40 = 715 619 33 99 2 12 64 128
TileOffice_41 = 130 181 64 65 0 31 64 128
TileSpiffos_41 = 809 66 48 70 1 51 64 128
TilesStreetLights_41 = 657 406 35 99 0 12 64 128
TileWalls2_41 = 189 339 62 107 2 6 64 128
TileOffice_42 = 195 0 64 64 0 0 64 128
TileSpiffos_42 = 685 202 48 63 16 61 64 128
TilesStreetLights_42 = 672 668 33 99 29 12 64 128
TileWalls2_42 = 490 740 6 93 28 3 64 128
TileSpiffos_43 = 670 768 31 63 28 64 64 128
TilesStreetLights_43 = 35 856 34 99 29 12 64 128
TileWalls2_43 = 558 851 32 44 2 70 64 128
TileWalls2_44 = 208 928 32 28 28 86 64 128
TileWalls2_45 = 455 923 32 27 28 87 64 128
TileWalls2_46 = 420 927 32 28 28 86 64 128
TileWalls2_47 = 937 474 32 44 28 70 64 128
TileOffice_48 = 697 0 59 62 3 63 64 128
TileSpiffos_48 = 757 42 51 65 0 63 64 128
TilesStreetLights_48 = 195 123 63 100 1 11 64 128
TileWalls2_48 = 357 617 34 114 0 0 64 128
TileOffice_49 = 315 379 62 51 0 63 64 128
TileSpiffos_49 = 751 108 50 60 0 68 64 128
TilesStreetLights_49 = 813 222 35 100 0 11 64 128
TileWalls2_49 = 497 493 34 114 28 0 64 128
TileOffice_5 = 280 726 34 114 28 0 64 128
TileSpiffos_5 = 792 323 34 128 0 0 64 128
TilesStreetLights_5 = 827 323 15 16 13 21 64 128
TileWalls2_5 = 392 617 34 114 28 0 64 128
TileOffice_50 = 448 301 62 47 0 63 64 128
TileSpiffos_50 = 388 0 63 59 0 69 64 128
TilesStreetLights_50 = 695 337 35 100 29 11 64 128
TileWalls2_50 = 63 246 62 114 0 0 64 128
TileOffice_51 = 315 431 62 51 0 64 64 128
TileSpiffos_51 = 511 328 51 59 0 63 64 128
TilesStreetLights_51 = 756 288 35 100 29 11 64 128
TileWalls2_51 = 953 738 6 100 28 0 64 128
TileOffice_52 = 448 349 62 47 0 63 64 128
TileSpiffos_52 = 448 241 62 59 0 63 64 128
TilesStreetLights_52 = 193 271 1 29 0 18 64 128
TileWalls2_52 = 189 247 5 13 29 85 64 128
TileOffice_53 = 384 364 62 51 0 63 64 128
TileSpiffos_53 = 693 142 51 59 11 63 64 128
TileWalls2_53 = 625 197 6 30 28 69 64 128
TileOffice_54 = 514 0 61 63 0 63 64 128
TileSpiffos_54 = 816 0 51 65 11 63 64 128
TileSpiffos_55 = 625 233 50 59 13 69 64 128
TileOffice_56 = 385 241 62 63 0 64 64 128
TileSpiffos_56 = 587 463 22 42 38 27 64 128
TileWalls2_56 = 315 713 34 114 0 0 64 128
TileOffice_57 = 252 376 62 63 0 32 64 128
TileSpiffos_57 = 904 498 32 51 28 18 64 128
TileWalls2_57 = 610 420 34 114 28 0 64 128
TileOffice_58 = 189 447 62 63 0 0 64 128
TileSpiffos_58 = 836 498 34 51 28 18 64 128
TileWalls2_58 = 427 625 34 114 0 0 64 128
TileOffice_59 = 532 507 34 114 0 0 64 128
TileSpiffos_59 = 676 233 8 18 39 33 64 128
TileWalls2_59 = 567 507 34 114 28 0 64 128
TileOffice_6 = 0 361 62 114 0 0 64 128
TileSpiffos_6 = 245 841 34 114 0 0 64 128
TilesStreetLights_6 = 788 169 13 21 34 23 64 128
TileWalls2_6 = 126 247 62 114 0 0 64 128
TileOffice_60 = 462 625 34 114 28 0 64 128
TileSpiffos_60 = 858 66 8 18 39 33 64 128
TileOffice_61 = 195 224 62 114 0 0 64 128
TileSpiffos_61 = 511 248 52 79 3 47 64 128
TileWalls2_61 = 350 732 34 114 0 0 64 128
TileWalls2_62 = 497 608 34 114 0 0 64 128
TileWalls2_63 = 385 732 34 114 0 0 64 128
TileOffice_64 = 451 64 61 57 1 63 64 128
TileSpiffos_64 = 868 0 48 88 0 40 64 128
TileOffice_65 = 385 305 62 58 0 62 64 128
TileSpiffos_65 = 564 276 50 71 0 57 64 128
TileOffice_66 = 260 121 63 64 0 62 64 128
TileOffice_67 = 195 65 64 57 0 62 64 128
TileSpiffos_67 = 731 337 24 51 20 64 64 128
TileOffice_68 = 252 440 62 55 0 64 64 128
TileSpiffos_68 = 651 887 24 51 19 63 64 128
TileOffice_69 = 321 315 62 63 0 63 64 128
TileSpiffos_69 = 766 389 25 42 18 72 64 128
TileOffice_7 = 960 738 6 100 28 0 64 128
TileSpiffos_7 = 63 361 62 114 0 0 64 128
TilesStreetLights_7 = 495 471 13 21 15 23 64 128
TileWalls2_7 = 989 109 8 101 27 0 64 128
TileOffice_70 = 513 64 60 55 0 64 64 128
TileSpiffos_70 = 801 452 25 42 19 72 64 128
TileOffice_72 = 280 841 34 114 0 0 64 128
TileSpiffos_72 = 591 888 29 44 19 69 64 128
TileOffice_73 = 693 438 34 114 28 0 64 128
TileSpiffos_73 = 831 650 29 44 15 69 64 128
TileOffice_74 = 259 186 62 114 0 0 64 128
TileSpiffos_74 = 968 519 29 44 15 69 64 128
TileOffice_75 = 967 738 6 100 28 0 64 128
TileSpiffos_75 = 736 762 29 44 17 69 64 128
TileOffice_76 = 315 828 34 114 0 0 64 128
TileSpiffos_76 = 849 254 34 128 0 0 64 128
TileOffice_77 = 602 535 34 114 28 0 64 128
TileSpiffos_77 = 884 254 34 128 0 0 64 128
TileOffice_78 = 126 362 62 114 0 0 64 128
TileSpiffos_78 = 532 622 34 114 0 0 64 128
TileRope_8 = 918 812 5 99 17 8 64 128
TileSpiffos_8 = 837 782 23 86 6 26 64 128
TilesStreetLights_8 = 963 0 35 108 28 3 64 128
TileWallDecoration_8 = 806 848 14 100 2 14 64 128
TileOffice_80 = 900 621 27 37 19 79 64 128
TileSpiffos_80 = 802 137 41 84 19 44 64 128
TileOffice_81 = 666 832 29 43 17 74 64 128
TileSpiffos_81 = 490 873 32 83 28 45 64 128
TileOffice_82 = 621 888 29 43 16 72 64 128
TileSpiffos_82 = 871 498 32 83 28 45 64 128
TileOffice_83 = 811 695 27 37 19 77 64 128
TileSpiffos_83 = 637 735 32 83 28 45 64 128
TileOffice_84 = 970 474 28 43 17 77 64 128
TileSpiffos_84 = 525 851 32 67 28 45 64 128
TileOffice_85 = 706 762 29 50 16 69 64 128
TileSpiffos_85 = 455 855 34 67 28 45 64 128
TileOffice_86 = 781 689 29 50 19 68 64 128
TileSpiffos_86 = 900 659 24 41 31 25 64 128
TileOffice_87 = 781 740 28 43 16 76 64 128
TileSpiffos_87 = 511 388 48 46 16 20 64 128
TileOffice_88 = 645 506 34 114 0 0 64 128
TileSpiffos_88 = 324 0 63 85 1 42 64 128
TileOffice_89 = 420 740 34 114 28 0 64 128
TileSpiffos_89 = 574 71 59 83 2 44 64 128
TileOffice_9 = 420 855 34 71 1 46 64 128
TileRope_9 = 882 850 5 99 40 8 64 128
TileSpiffos_9 = 865 763 23 86 33 26 64 128
TilesStreetLights_9 = 70 856 34 99 28 12 64 128
TileWallDecoration_9 = 915 708 15 103 45 11 64 128
TileOffice_90 = 567 622 34 114 0 0 64 128
TileSpiffos_90 = 637 0 59 84 1 44 64 128
TileOffice_91 = 455 740 34 114 28 0 64 128
TileSpiffos_91 = 378 416 61 85 0 42 64 128
TileOffice_92 = 497 723 34 114 0 0 64 128
TileSpiffos_92 = 919 244 34 128 0 0 64 128
TileOffice_93 = 728 504 34 114 28 0 64 128
TileSpiffos_93 = 766 452 34 114 0 0 64 128
TileSpiffos_94 = 680 553 34 114 0 0 64 128
TileOffice_96 = 385 919 34 34 21 50 64 128
TileSpiffos_96 = 532 737 34 113 0 0 64 128
TileOffice_97 = 490 838 34 34 7 50 64 128
TileSpiffos_97 = 567 737 34 113 28 0 64 128
TileSpiffos_98 = 322 201 62 113 0 0 64 128
TileSpiffos_99 = 868 850 6 99 28 0 64 128
Eyeball_00_0 = 189 266 4 4 2 2 9 9
Giblet_00_0 = 189 261 5 4 1 2 9 9
Giblet_00_1 = 490 169 6 4 2 2 9 9
Giblet_00_2 = 483 169 6 5 1 2 9 9
Giblet_01_0 = 478 499 12 9 0 1 12 12
Giblet_01_1 = 551 435 11 11 1 1 12 12
Giblet_01_2 = 734 202 10 11 1 0 12 12
Blood_00_0 = 615 276 9 8 5 6 20 20
Blood_00_1 = 788 191 13 11 3 4 20 20
Blood_00_2 = 827 340 15 15 2 3 20 20
Blood_00_3 = 827 356 15 15 2 3 20 20
Blood_01_0 = 766 432 15 15 9 9 32 32
Blood_01_1 = 589 933 24 23 4 5 32 32
Blood_01_2 = 935 588 28 27 2 4 32 32
Blood_01_3 = 591 859 30 28 2 4 32 32
Fire_00_0 = 790 820 22 27 2 3 25 30
Fire_00_1 = 792 288 20 28 2 2 25 30
Fire_00_2 = 720 894 22 29 2 1 25 30
Fire_00_3 = 813 820 22 27 2 2 25 30
Fire_01_0 = 831 606 31 43 1 0 36 43
Fire_01_1 = 702 813 29 43 3 0 36 43
Fire_01_2 = 558 896 30 43 2 0 36 43
Fire_01_3 = 706 719 32 42 1 1 36 43
Fire_02_0 = 676 266 41 56 1 5 43 61
Fire_02_1 = 509 435 41 57 1 4 43 61
Fire_02_2 = 858 89 41 55 0 6 43 61
Fire_02_3 = 734 215 40 55 0 6 43 61
Rain_00_0 = 475 169 7 4 4 3 16 8
Rain_00_1 = 465 169 9 5 3 2 16 8
Rain_00_2 = 427 502 11 6 2 1 16 8
Rain_00_3 = 451 169 13 4 1 1 16 8
Raindrop = 189 271 1 63 0 1 1 64
Raindrop_00_0 = 191 271 1 63 0 1 1 64
Smoke_00_0 = 635 819 30 67 2 60 32 128
Smoke_00_1 = 937 519 30 68 2 59 32 128
Smoke_00_2 = 749 689 31 69 1 58 32 128
Smoke_00_3 = 904 550 30 70 2 57 32 128
