BloodFloor_0 = 0 744 48 21 9 101 64 128
TileFloorBurnt_0 = 449 0 62 32 0 96 64 128
TileFloorGrime_0 = 441 330 62 31 0 96 64 128
TileFloorInt_0 = 256 202 62 32 0 96 64 128
TileFrames_0 = 816 661 21 49 7 27 64 128
TileObjects2_0 = 567 296 54 60 4 66 64 128
TileRoadMarkings_0 = 81 824 34 17 0 97 64 128
white_0 = 0 0 64 128 0 0 64 128
BloodFloor_1 = 501 505 35 22 14 100 64 128
TileFloorExt_1 = 386 79 62 32 0 96 64 128
TileFloorGrime_1 = 511 194 60 31 2 96 64 128
TileFloorInt_1 = 449 33 62 32 0 96 64 128
TileFrames_1 = 753 740 21 49 34 27 64 128
TileObjects2_1 = 756 108 54 60 4 34 64 128
TileRoadMarkings_1 = 315 490 62 16 0 98 64 128
white_1 = 65 0 64 128 0 0 64 128
TileDoors_10 = 761 512 25 86 29 26 64 128
TileFloorExt_10 = 322 160 62 32 0 96 64 128
TileFloorGrime_10 = 510 258 60 27 2 101 64 128
TileFloorInt_10 = 385 112 62 32 0 96 64 128
TileFrames_10 = 831 389 29 97 3 17 64 128
TileObjects2_10 = 403 599 34 34 14 89 64 128
TileRoadMarkings_10 = 162 824 34 17 28 97 64 128
TileObjects2_100 = 574 0 61 57 2 71 64 128
TileObjects2_101 = 193 194 62 50 2 51 64 128
TileObjects2_102 = 65 129 64 58 0 70 64 128
TileObjects2_103 = 386 0 62 78 0 50 64 128
TileObjects2_104 = 195 0 63 78 0 50 64 128
TileObjects2_105 = 130 0 64 63 0 65 64 128
TileObjects2_106 = 65 188 64 50 0 51 64 128
TileObjects2_107 = 574 115 60 57 0 71 64 128
TileObjects2_108 = 423 801 15 28 24 50 64 128
TileObjects2_109 = 809 454 15 28 24 50 64 128
TileDoors_11 = 727 566 25 86 8 26 64 128
TileFloorExt_11 = 321 193 62 32 0 96 64 128
TileFloorGrime_11 = 449 66 62 32 0 96 64 128
TileFloorInt_11 = 385 145 62 32 0 96 64 128
TileFrames_11 = 540 659 29 97 30 17 64 128
TileObjects2_11 = 306 700 34 34 16 89 64 128
TileRoadMarkings_11 = 832 327 30 30 28 97 64 128
TileObjects2_110 = 336 815 16 27 24 51 64 128
TileObjects2_111 = 406 801 16 26 23 52 64 128
TileObjects2_112 = 146 668 41 91 18 27 64 128
TileObjects2_113 = 382 509 39 89 6 34 64 128
TileObjects2_114 = 228 680 39 88 16 35 64 128
TileObjects2_115 = 820 0 41 91 3 27 64 128
TileObjects2_116 = 300 507 41 91 18 27 64 128
TileObjects2_117 = 285 599 39 89 6 34 64 128
TileObjects2_118 = 422 509 39 88 16 35 64 128
TileObjects2_119 = 243 583 41 91 3 27 64 128
TileFloorExt_12 = 449 99 62 32 0 96 64 128
TileFloorGrime_12 = 376 696 32 76 2 38 64 128
TileFloorInt_12 = 385 178 62 32 0 96 64 128
TileFrames_12 = 838 661 21 49 7 27 64 128
TileObjects2_12 = 97 762 38 29 18 65 64 128
TileRoadMarkings_12 = 200 812 34 17 28 110 64 128
TileObjects2_120 = 188 680 39 94 22 27 64 128
TileObjects2_121 = 364 604 38 91 8 34 64 128
TileObjects2_122 = 462 505 38 91 15 34 64 128
TileObjects2_123 = 342 509 39 94 1 27 64 128
TileObjects2_124 = 353 813 16 27 24 81 64 128
TileObjects2_125 = 717 447 10 32 25 76 64 128
TileObjects2_126 = 472 817 15 20 24 88 64 128
TileObjects2_127 = 717 419 12 27 25 81 64 128
TileFloorExt_13 = 448 132 62 32 0 96 64 128
TileFloorGrime_13 = 572 505 32 76 28 38 64 128
TileFloorInt_13 = 384 211 62 32 0 96 64 128
TileFrames_13 = 792 711 21 49 34 27 64 128
TileObjects2_13 = 85 793 38 29 8 65 64 128
TileRoadMarkings_13 = 378 441 62 16 0 110 64 128
TileFloorExt_14 = 448 165 62 32 0 96 64 128
TileFloorGrime_14 = 340 736 32 76 2 38 64 128
TileFloorInt_14 = 448 198 62 32 0 96 64 128
TileFrames_14 = 570 659 29 96 3 17 64 128
TileObjects2_14 = 373 773 32 36 23 58 64 128
TileRoadMarkings_14 = 501 528 34 17 0 110 64 128
TileFloorExt_15 = 0 240 62 32 0 96 64 128
TileFloorGrime_15 = 536 541 32 76 28 38 64 128
TileFloorInt_15 = 0 273 62 32 0 96 64 128
TileFrames_15 = 505 726 29 96 30 17 64 128
TileObjects2_15 = 409 764 32 36 9 58 64 128
TileRoadMarkings_15 = 373 810 30 30 4 97 64 128
BloodFloor_16 = 0 782 43 17 9 100 64 128
TileDoors_16 = 839 487 23 86 6 26 64 128
TileFloorExt_16 = 63 240 62 32 0 96 64 128
TileFloorGrime_16 = 441 362 62 30 0 96 64 128
TileFloorInt_16 = 0 306 62 32 0 96 64 128
TileObjects2_16 = 730 407 49 100 8 24 64 128
TileRoadMarkings_16 = 403 634 34 17 0 97 64 128
BloodFloor_17 = 42 824 38 18 8 106 64 128
TileDoors_17 = 626 745 23 86 33 26 64 128
TileFloorExt_17 = 63 273 62 32 0 96 64 128
TileFloorGrime_17 = 697 76 59 30 0 98 64 128
TileFloorInt_17 = 0 339 62 32 0 96 64 128
TileObjects2_17 = 325 604 38 95 8 31 64 128
TileRoadMarkings_17 = 441 393 62 16 0 98 64 128
TileDoors_18 = 668 625 25 86 29 26 64 128
TileFloorExt_18 = 63 306 62 32 0 96 64 128
TileFloorGrime_18 = 572 204 59 30 0 97 64 128
TileFloorInt_18 = 0 372 62 32 0 96 64 128
TileObjects2_18 = 268 726 36 95 14 32 64 128
TileRoadMarkings_18 = 438 598 34 17 28 97 64 128
TileDoors_19 = 787 512 25 86 8 26 64 128
TileFloorExt_19 = 126 242 62 32 0 96 64 128
TileFloorGrime_19 = 571 266 58 29 4 96 64 128
TileFloorInt_19 = 126 275 62 32 0 96 64 128
TileObjects2_19 = 782 287 49 101 3 24 64 128
TileRoadMarkings_19 = 832 358 30 30 28 97 64 128
BloodFloor_2 = 0 819 41 14 12 105 64 128
TileFloorExt_2 = 63 339 62 32 0 96 64 128
TileFloorGrime_2 = 635 133 60 27 2 96 64 128
TileFloorInt_2 = 0 405 62 32 0 96 64 128
TileFrames_2 = 729 791 21 49 7 27 64 128
TileObjects2_2 = 631 238 54 60 4 2 64 128
TileRoadMarkings_2 = 305 735 34 17 28 97 64 128
TileFloorGrime_20 = 605 473 32 76 2 38 64 128
TileFloorInt_20 = 126 308 62 32 0 96 64 128
TileObjects2_20 = 805 169 53 117 8 6 64 128
TileRoadMarkings_20 = 341 700 34 17 28 110 64 128
TileFloorExt_21 = 63 372 62 32 0 96 64 128
TileFloorGrime_21 = 409 687 32 76 28 38 64 128
TileFloorInt_21 = 0 438 62 32 0 96 64 128
TileObjects2_21 = 196 569 46 110 8 10 64 128
TileRoadMarkings_21 = 378 458 62 16 0 110 64 128
TileFloorExt_22 = 189 245 62 32 0 96 64 128
TileFloorGrime_22 = 759 31 58 76 2 38 64 128
TileFloorInt_22 = 189 278 62 32 0 96 64 128
TileFrames_22 = 602 627 29 96 3 18 64 128
TileObjects2_22 = 98 651 47 110 8 11 64 128
TileRoadMarkings_22 = 537 505 34 17 0 110 64 128
TileFloorExt_23 = 126 341 62 32 0 96 64 128
TileFloorGrime_23 = 245 509 6 62 28 38 64 128
TileFloorInt_23 = 63 405 62 32 0 96 64 128
TileFrames_23 = 638 597 29 96 30 18 64 128
TileObjects2_23 = 677 301 52 117 2 7 64 128
TileRoadMarkings_23 = 442 727 30 30 4 97 64 128
BloodFloor_24 = 147 628 43 22 19 102 64 128
TileDoors_24 = 657 712 23 86 6 26 64 128
TileFloorExt_24 = 0 471 62 32 0 96 64 128
TileFloorGrime_24 = 572 235 58 30 0 96 64 128
TileFloorInt_24 = 256 235 62 32 0 96 64 128
TileObjects2_24 = 259 58 62 109 0 18 64 128
TileRoadMarkings_24 = 501 546 34 17 0 97 64 128
BloodFloor_25 = 0 800 42 18 10 110 64 128
TileDoors_25 = 720 653 23 86 33 26 64 128
TileFloorExt_25 = 126 374 62 32 0 96 64 128
TileFloorGrime_25 = 0 209 64 30 0 96 64 128
TileFloorInt_25 = 189 311 62 32 0 96 64 128
TileObjects2_25 = 504 340 57 106 0 22 64 128
TileRoadMarkings_25 = 441 410 62 16 0 98 64 128
BloodFloor_26 = 0 766 46 15 7 96 64 128
TileDoors_26 = 813 487 25 86 29 26 64 128
TileFloorExt_26 = 63 438 62 32 0 96 64 128
TileFloorGrime_26 = 44 793 40 30 0 97 64 128
TileFloorInt_26 = 252 268 62 32 0 96 64 128
TileObjects2_26 = 195 79 62 114 0 14 64 128
TileRoadMarkings_26 = 438 616 34 17 28 97 64 128
BloodFloor_27 = 238 769 29 21 0 102 64 128
TileDoors_27 = 694 625 25 86 8 26 64 128
TileFloorExt_27 = 189 344 62 32 0 96 64 128
TileFloorGrime_27 = 126 407 62 32 0 96 64 128
TileFloorInt_27 = 63 471 62 32 0 96 64 128
TileObjects2_27 = 667 424 49 64 5 60 64 128
TileRoadMarkings_27 = 442 758 30 30 28 97 64 128
TileFloorGrime_28 = 472 650 32 76 2 38 64 128
TileObjects2_28 = 781 389 49 64 10 59 64 128
TileRoadMarkings_28 = 403 652 34 17 28 110 64 128
TileFloorExt_29 = 319 226 62 32 0 96 64 128
TileFloorGrime_29 = 507 618 32 76 28 38 64 128
TileObjects2_29 = 733 508 27 55 31 49 64 128
TileRoadMarkings_29 = 378 475 62 16 0 110 64 128
TileFloorExt_3 = 252 301 62 32 0 96 64 128
TileFloorGrime_3 = 511 226 60 31 2 97 64 128
TileFloorInt_3 = 126 440 62 32 0 96 64 128
TileFrames_3 = 814 711 21 49 34 27 64 128
TileObjects2_3 = 694 161 55 27 6 96 64 128
TileRoadMarkings_3 = 473 727 30 30 28 97 64 128
TileFloorExt_30 = 189 377 62 32 0 96 64 128
TileFloorGrime_30 = 569 582 32 76 2 38 64 128
TileObjects2_30 = 699 566 27 55 4 50 64 128
TileRoadMarkings_30 = 305 753 34 17 0 110 64 128
TileFloorExt_31 = 319 259 62 32 0 96 64 128
TileFloorGrime_31 = 605 550 32 76 28 38 64 128
TileObjects2_31 = 535 757 24 50 6 56 64 128
TileRoadMarkings_31 = 505 695 30 30 4 97 64 128
BloodFloor_32 = 0 834 21 7 8 109 64 128
TileDoors_32 = 813 574 23 86 6 25 64 128
TileFloorGrime_32 = 252 334 62 32 0 96 64 128
TileObjects2_32 = 750 169 54 57 4 69 64 128
TileRoadMarkings_32 = 136 762 38 19 8 101 64 128
BloodFloor_33 = 285 583 13 10 20 102 64 128
TileDoors_33 = 681 712 23 86 33 26 64 128
TileFloorGrime_33 = 189 410 62 32 0 96 64 128
TileObjects2_33 = 622 299 54 52 4 73 64 128
TileRoadMarkings_33 = 622 352 54 19 8 101 64 128
BloodFloor_34 = 136 782 21 9 29 108 64 128
TileDoors_34 = 600 724 25 86 29 25 64 128
TileFloorExt_34 = 496 479 50 25 0 103 64 128
TileFloorGrime_34 = 126 473 62 32 0 96 64 128
TileObjects2_34 = 617 372 51 51 7 74 64 128
BloodFloor_35 = 306 689 16 9 27 113 64 128
TileDoors_35 = 570 756 25 86 8 25 64 128
TileFloorExt_35 = 98 626 48 24 14 104 64 128
TileFloorGrime_35 = 698 45 60 30 2 97 64 128
TileObjects2_35 = 562 416 52 51 4 74 64 128
BloodFloor_36 = 197 830 18 11 23 107 64 128
TileFloorExt_36 = 547 479 50 25 0 96 64 128
TileObjects2_36 = 686 249 54 51 4 74 64 128
BloodFloor_37 = 741 286 18 11 19 103 64 128
TileFloorExt_37 = 49 684 48 24 14 96 64 128
TileObjects2_37 = 441 444 54 58 8 66 64 128
BloodFloor_38 = 238 791 20 12 16 108 64 128
TileFloorExt_38 = 315 292 62 32 0 96 64 128
TileObjects2_38 = 730 301 51 48 7 67 64 128
BloodFloor_39 = 760 286 17 11 24 103 64 128
TileFloorExt_39 = 252 367 62 32 0 96 64 128
TileObjects2_39 = 615 424 51 48 4 67 64 128
TileFloorExt_4 = 382 244 62 32 0 96 64 128
TileFloorGrime_4 = 638 489 32 76 2 38 64 128
TileFloorInt_4 = 189 443 62 32 0 96 64 128
TileFrames_4 = 751 791 21 49 7 27 64 128
TileObjects2_4 = 496 447 54 31 4 96 64 128
TileRoadMarkings_4 = 341 718 34 17 28 110 64 128
TileFloorExt_40 = 268 822 32 17 30 110 64 128
TileFloorGrime_40 = 573 173 60 30 2 98 64 128
TileObjects2_40 = 562 357 54 58 0 66 64 128
TileFloorExt_41 = 305 815 30 15 2 112 64 128
TileFloorGrime_41 = 759 0 60 30 2 98 64 128
TileObjects2_41 = 811 108 51 57 7 66 64 128
TileFloorExt_42 = 403 670 33 16 1 97 64 128
TileFloorGrime_42 = 315 325 62 32 0 96 64 128
TileObjects2_42 = 749 227 53 58 4 66 64 128
TileFloorExt_43 = 818 92 32 15 28 97 64 128
TileObjects2_43 = 694 189 54 59 4 67 64 128
TileObjects2_44 = 730 350 50 56 4 68 64 128
TileFloorExt_45 = 258 168 62 33 0 95 64 128
TileObjects2_45 = 305 771 32 43 18 74 64 128
TileFloorExt_46 = 252 400 62 32 0 96 64 128
TileObjects2_46 = 832 287 30 39 12 77 64 128
TileFloorExt_47 = 382 277 62 32 0 96 64 128
TileObjects2_47 = 632 694 24 50 34 58 64 128
TileObjects2_48 = 508 286 58 53 4 70 64 128
TileObjects2_49 = 636 56 60 44 0 71 64 128
TileFloorExt_5 = 189 476 62 32 0 96 64 128
TileFloorGrime_5 = 671 489 32 76 28 38 64 128
TileFloorInt_5 = 315 358 62 32 0 96 64 128
TileFrames_5 = 836 711 21 49 34 27 64 128
TileObjects2_5 = 650 799 18 42 9 28 64 128
TileRoadMarkings_5 = 441 427 62 16 0 110 64 128
TileObjects2_50 = 698 0 60 44 2 71 64 128
TileObjects2_51 = 697 107 58 53 0 70 64 128
TileObjects2_52 = 473 597 33 52 15 68 64 128
TileFloorExt_53 = 447 231 62 32 0 96 64 128
TileObjects2_53 = 438 634 33 52 16 68 64 128
TileFloorExt_54 = 252 433 62 32 0 96 64 128
TileObjects2_54 = 124 792 37 41 10 78 64 128
TileFloorExt_55 = 378 310 62 32 0 96 64 128
TileObjects2_55 = 162 782 37 41 17 78 64 128
TileObjects2_56 = 442 687 24 32 29 61 64 128
TileObjects2_57 = 540 618 24 32 9 61 64 128
TileObjects2_58 = 753 599 24 50 36 20 64 128
TileObjects2_59 = 792 661 23 49 28 16 64 128
TileFloorExt_6 = 315 391 62 32 0 96 64 128
TileFloorGrime_6 = 635 161 58 76 2 38 64 128
TileFloorInt_6 = 445 264 62 32 0 96 64 128
TileFrames_6 = 775 761 21 49 7 27 64 128
TileObjects2_6 = 669 799 18 42 35 28 64 128
TileRoadMarkings_6 = 537 523 34 17 0 110 64 128
TileObjects2_60 = 778 599 24 50 12 16 64 128
TileObjects2_61 = 729 740 23 50 4 21 64 128
TileObjects2_62 = 252 499 47 83 9 40 64 128
TileObjects2_63 = 49 709 47 83 4 39 64 128
TileObjects2_64 = 0 504 48 59 8 66 64 128
TileObjects2_65 = 49 504 48 59 6 66 64 128
TileObjects2_66 = 147 569 48 58 10 67 64 128
TileObjects2_67 = 0 564 48 59 3 67 64 128
TileObjects2_68 = 49 564 48 59 8 66 64 128
TileObjects2_69 = 0 624 48 59 6 66 64 128
TileFloorExt_7 = 252 466 62 32 0 96 64 128
TileFloorGrime_7 = 560 757 6 62 28 38 64 128
TileFloorInt_7 = 378 343 62 32 0 96 64 128
TileFrames_7 = 797 761 21 49 34 27 64 128
TileObjects2_7 = 442 789 29 43 17 77 64 128
TileRoadMarkings_7 = 638 566 30 30 4 97 64 128
TileObjects2_70 = 98 506 48 59 10 67 64 128
TileObjects2_71 = 98 566 48 59 3 67 64 128
TileObjects2_72 = 49 624 48 59 8 66 64 128
TileObjects2_73 = 0 684 48 59 6 66 64 128
TileObjects2_74 = 147 509 48 59 10 67 64 128
TileObjects2_75 = 196 509 48 59 3 67 64 128
TileObjects2_76 = 473 758 29 58 8 11 64 128
TileObjects2_77 = 669 566 29 58 24 11 64 128
TileObjects2_78 = 780 454 28 57 8 11 64 128
TileObjects2_79 = 704 508 28 57 26 11 64 128
BloodFloor_8 = 235 812 32 19 23 105 64 128
TileDoors_8 = 744 653 23 86 6 26 64 128
TileFloorExt_8 = 315 424 62 32 0 96 64 128
TileFloorGrime_8 = 378 409 62 31 0 97 64 128
TileFloorInt_8 = 445 297 62 32 0 96 64 128
TileFrames_8 = 819 761 21 49 7 27 64 128
TileObjects2_8 = 268 689 37 36 14 87 64 128
TileRoadMarkings_8 = 501 564 34 17 0 97 64 128
TileObjects2_80 = 130 64 64 58 0 70 64 128
TileObjects2_81 = 512 0 61 80 0 47 64 128
TileObjects2_82 = 323 0 62 80 1 47 64 128
TileObjects2_83 = 574 58 61 56 0 71 64 128
TileObjects2_84 = 259 0 63 57 0 69 64 128
TileObjects2_85 = 636 0 61 55 2 45 64 128
TileObjects2_86 = 130 123 64 58 0 69 64 128
TileObjects2_87 = 322 81 62 78 0 46 64 128
TileObjects2_88 = 0 129 64 79 0 45 64 128
TileObjects2_89 = 130 182 62 59 0 68 64 128
BloodFloor_9 = 146 651 43 16 8 100 64 128
TileDoors_9 = 837 574 23 86 33 26 64 128
TileFloorExt_9 = 378 376 62 32 0 96 64 128
TileFloorGrime_9 = 636 101 60 31 2 97 64 128
TileFloorInt_9 = 315 457 62 32 0 96 64 128
TileFrames_9 = 841 761 21 49 34 27 64 128
TileObjects2_9 = 200 775 37 36 12 87 64 128
TileRoadMarkings_9 = 378 492 62 16 0 98 64 128
TileObjects2_90 = 511 139 61 54 0 45 64 128
TileObjects2_91 = 512 81 61 57 1 69 64 128
TileObjects2_92 = 768 650 23 78 5 14 64 128
TileObjects2_93 = 705 740 23 78 34 14 64 128
TileObjects2_94 = 851 92 11 14 26 62 64 128
TileObjects2_95 = 507 582 18 20 23 59 64 128
Eyeball_00_0 = 191 628 4 4 2 2 9 9
Giblet_00_0 = 243 572 5 4 1 2 9 9
Giblet_00_1 = 307 499 6 4 2 2 9 9
Giblet_00_2 = 300 499 6 5 1 2 9 9
Giblet_01_0 = 175 760 12 9 0 1 12 12
Giblet_01_1 = 175 770 11 11 1 1 12 12
Giblet_01_2 = 551 447 10 11 1 0 12 12
